[
[ 1 , (-151.64617092752042, 214) ],
[ 2 , (-120.46925639128062, 214) ],
[ 3 , (-89.29234185504083, 214) ],
[ 4 , (4.238401753678538, 214) ],
[ 5 , (35.41531628991832, 214) ],
[ 6 , (160.12297443487748, 214) ],
[ 7 , (-167.2346281956403, 187.0) ],
[ 8 , (-136.05771365940052, 187.0) ],
[ 9 , (-104.88079912316073, 187.0) ],
[ 10 , (-73.70388458692094, 187.0) ],
[ 11 , (19.826859021798434, 187.0) ],
[ 12 , (144.53451716675758, 187.0) ],
[ 13 , (175.71143170299737, 187.0) ],
[ 14 , (-214, 160.0) ],
[ 15 , (-182.8230854637602, 160.0) ],
[ 16 , (-151.64617092752042, 160.0) ],
[ 17 , (-120.46925639128062, 160.0) ],
[ 18 , (-58.11542731880104, 160.0) ],
[ 19 , (97.76914536239791, 160.0) ],
[ 20 , (160.12297443487748, 160.0) ],
[ 21 , (191.29988897111727, 160.0) ],
[ 22 , (-167.2346281956403, 133.0) ],
[ 23 , (-104.88079912316073, 133.0) ],
[ 24 , (-73.70388458692094, 133.0) ],
[ 25 , (51.00377355803822, 133.0) ],
[ 26 , (113.3576026305178, 133.0) ],
[ 27 , (144.53451716675758, 133.0) ],
[ 28 , (175.71143170299737, 133.0) ],
[ 29 , (-214, 106.0) ],
[ 30 , (-182.8230854637602, 106.0) ],
[ 31 , (-120.46925639128062, 106.0) ],
[ 32 , (-58.11542731880104, 106.0) ],
[ 33 , (4.238401753678538, 106.0) ],
[ 34 , (35.41531628991832, 106.0) ],
[ 35 , (97.76914536239791, 106.0) ],
[ 36 , (160.12297443487748, 106.0) ],
[ 37 , (191.29988897111727, 106.0) ],
[ 38 , (-198.4115427318801, 79.0) ],
[ 39 , (-136.05771365940052, 79.0) ],
[ 40 , (-42.52697005068114, 79.0) ],
[ 41 , (19.826859021798434, 79.0) ],
[ 42 , (82.18068809427801, 79.0) ],
[ 43 , (144.53451716675758, 79.0) ],
[ 44 , (175.71143170299737, 79.0) ],
[ 45 , (206.88834623923717, 79.0) ],
[ 46 , (-214, 52.0) ],
[ 47 , (-182.8230854637602, 52.0) ],
[ 48 , (-151.64617092752042, 52.0) ],
[ 49 , (-89.29234185504083, 52.0) ],
[ 50 , (-26.93851278256125, 52.0) ],
[ 51 , (66.59223082615812, 52.0) ],
[ 52 , (128.94605989863769, 52.0) ],
[ 53 , (160.12297443487748, 52.0) ],
[ 54 , (-136.05771365940052, 25.0) ],
[ 55 , (-42.52697005068114, 25.0) ],
[ 56 , (19.826859021798434, 25.0) ],
[ 57 , (82.18068809427801, 25.0) ],
[ 58 , (144.53451716675758, 25.0) ],
[ 59 , (175.71143170299737, 25.0) ],
[ 60 , (-214, -2.0) ],
[ 61 , (-182.8230854637602, -2.0) ],
[ 62 , (-151.64617092752042, -2.0) ],
[ 63 , (-120.46925639128062, -2.0) ],
[ 64 , (-58.11542731880104, -2.0) ],
[ 65 , (-26.93851278256125, -2.0) ],
[ 66 , (66.59223082615812, -2.0) ],
[ 67 , (97.76914536239791, -2.0) ],
[ 68 , (128.94605989863769, -2.0) ],
[ 69 , (191.29988897111727, -2.0) ],
[ 70 , (-198.4115427318801, -29.0) ],
[ 71 , (-167.2346281956403, -29.0) ],
[ 72 , (-136.05771365940052, -29.0) ],
[ 73 , (-42.52697005068114, -29.0) ],
[ 74 , (-11.350055514441355, -29.0) ],
[ 75 , (51.00377355803822, -29.0) ],
[ 76 , (82.18068809427801, -29.0) ],
[ 77 , (113.3576026305178, -29.0) ],
[ 78 , (206.88834623923717, -29.0) ],
[ 79 , (-151.64617092752042, -56.0) ],
[ 80 , (-120.46925639128062, -56.0) ],
[ 81 , (-89.29234185504083, -56.0) ],
[ 82 , (-58.11542731880104, -56.0) ],
[ 83 , (4.238401753678538, -56.0) ],
[ 84 , (35.41531628991832, -56.0) ],
[ 85 , (97.76914536239791, -56.0) ],
[ 86 , (160.12297443487748, -56.0) ],
[ 87 , (-198.4115427318801, -83.0) ],
[ 88 , (-136.05771365940052, -83.0) ],
[ 89 , (-42.52697005068114, -83.0) ],
[ 90 , (-11.350055514441355, -83.0) ],
[ 91 , (19.826859021798434, -83.0) ],
[ 92 , (51.00377355803822, -83.0) ],
[ 93 , (82.18068809427801, -83.0) ],
[ 94 , (206.88834623923717, -83.0) ],
[ 95 , (-151.64617092752042, -110.0) ],
[ 96 , (-120.46925639128062, -110.0) ],
[ 97 , (-89.29234185504083, -110.0) ],
[ 98 , (4.238401753678538, -110.0) ],
[ 99 , (35.41531628991832, -110.0) ],
[ 100 , (128.94605989863769, -110.0) ],
[ 101 , (160.12297443487748, -110.0) ],
[ 102 , (-167.2346281956403, -137.0) ],
[ 103 , (-136.05771365940052, -137.0) ],
[ 104 , (-104.88079912316073, -137.0) ],
[ 105 , (-73.70388458692094, -137.0) ],
[ 106 , (19.826859021798434, -137.0) ],
[ 107 , (113.3576026305178, -137.0) ],
[ 108 , (144.53451716675758, -137.0) ],
[ 109 , (175.71143170299737, -137.0) ],
[ 110 , (-214, -164.0) ],
[ 111 , (-182.8230854637602, -164.0) ],
[ 112 , (-120.46925639128062, -164.0) ],
[ 113 , (-58.11542731880104, -164.0) ],
[ 114 , (4.238401753678538, -164.0) ],
[ 115 , (35.41531628991832, -164.0) ],
[ 116 , (97.76914536239791, -164.0) ],
[ 117 , (160.12297443487748, -164.0) ],
[ 118 , (191.29988897111727, -164.0) ],
[ 119 , (-198.4115427318801, -191.0) ],
[ 120 , (-167.2346281956403, -191.0) ],
[ 121 , (-104.88079912316073, -191.0) ],
[ 122 , (-73.70388458692094, -191.0) ],
[ 123 , (51.00377355803822, -191.0) ],
[ 124 , (113.3576026305178, -191.0) ],
[ 125 , (144.53451716675758, -191.0) ],
[ 126 , (175.71143170299737, -191.0) ],
[ 127 , (206.88834623923717, -191.0) ],
[ 128 , (-214, -216) ],
[ 129 , (-182.8230854637602, -216) ],
[ 130 , (-151.64617092752042, -216) ],
[ 131 , (-120.46925639128062, -216) ],
[ 132 , (-89.29234185504083, -216) ],
[ 133 , (-58.11542731880104, -216) ],
[ 134 , (-26.93851278256125, -216) ],
[ 135 , (4.238401753678538, -216) ],
[ 136 , (35.41531628991832, -216) ],
[ 137 , (66.59223082615812, -216) ],
[ 138 , (97.76914536239791, -216) ],
[ 139 , (128.94605989863769, -216) ],
[ 140 , (160.12297443487748, -216) ],
[ 141 , (191.29988897111727, -216) ],
[1,(213.0,-212.0)],
[1,(214.0,-161.0)],
[1,(215.0,-111.0)],
[1,(215.0,-53.0)],
[1,(215.0,5.0)],
[1,(214.0,52.0)],
[1,(215.0,107.0)],
[1,(214.0,164.0)],
[1,(213.0,215.0)],
[(2, 0), (-140.0, 210.0)],
[(2, 0), (-140.0, 210.0)],
[(2, 0), (-111.0, 193.0)],
[(2, 0), (-111.0, 193.0)],
[(2, 1), (-141.0, 175.0)],
[(2, 1), (-141.0, 175.0)],
[(2, 1), (-141.0, 175.0)],
[(1, 1), (-173.0, 160.0)],
[(1, 1), (-173.0, 160.0)],
[(1, 1), (-173.0, 160.0)],
[(1, 2), (-179.0, 125.0)],
[(1, 2), (-179.0, 125.0)],
[(0, 3), (-201.0, 91.0)],
[(0, 3), (-201.0, 91.0)],
[(1, 4), (-167.0, 54.0)],
[(1, 4), (-167.0, 54.0)],
[(0, 4), (-198.0, 51.0)],
[(0, 4), (-198.0, 51.0)],
[(2, 2), (-114.0, 120.0)],
[(2, 2), (-114.0, 120.0)],
[(4, 3), (-50.0, 94.0)],
[(4, 3), (-50.0, 94.0)],
[(5, 4), (-35.0, 41.0)],
[(4, 3), (-50.0, 94.0)],
[(5, 4), (-35.0, 41.0)],
[(4, 6), (-41.0, -4.0)],
[(4, 6), (-41.0, -4.0)],
[(5, 6), (-28.0, -24.0)],
[(5, 6), (-28.0, -24.0)],
[(5, 6), (-28.0, -24.0)],
[(6, 7), (20.0, -68.0)],
[(6, 7), (20.0, -68.0)],
[(6, 8), (21.0, -104.0)],
[(6, 8), (21.0, -104.0)],
[(5, 8), (-27.0, -85.0)],
[(5, 8), (-27.0, -85.0)],
[(6, 9), (25.0, -120.0)],
[(6, 9), (25.0, -120.0)],
[(8, 6), (104.0, -17.0)],
[(8, 6), (104.0, -17.0)],
[(7, 6), (70.0, -14.0)],
[(7, 6), (70.0, -14.0)],
[(8, 5), (79.0, 10.0)],
[(8, 5), (79.0, 10.0)],
[(10, 4), (160.0, 37.0)],
[(10, 4), (160.0, 37.0)],
[(10, 4), (144.0, 58.0)],
[(10, 4), (144.0, 58.0)],
[(10, 3), (168.0, 92.0)],
[(10, 3), (168.0, 92.0)],
[(11, 3), (195.0, 92.0)],
[(11, 3), (195.0, 92.0)],
[(10, 2), (156.0, 139.0)],
[(10, 2), (156.0, 139.0)],
[(10, 1), (170.0, 178.0)],
[(10, 1), (170.0, 178.0)],
[(10, 0), (160.0, 201.0)],
[(10, 0), (160.0, 201.0)],
[(6, 3), (22.0, 101.0)],
[(6, 3), (22.0, 101.0)],
[(6, 3), (22.0, 101.0)],
[(6, 3), (22.0, 101.0)],
[(10, 9), (145.0, -121.0)],
[(10, 9), (144.0, -119.0)],
[(10, 10), (168.0, -150.0)],
[(11, 11), (190.0, -181.0)],
[(11, 11), (190.0, -181.0)],
[(9, 11), (128.0, -189.0)],
[(9, 11), (128.0, -189.0)],
[(7, 11), (49.0, -203.0)],
[(7, 11), (49.0, -203.0)],
[(6, 10), (14.0, -150.0)],
[(6, 10), (14.0, -150.0)],
[(4, 10), (-72.0, -145.0)],
[(4, 10), (-72.0, -145.0)],
[(3, 9), (-96.0, -123.0)],
[(3, 9), (-96.0, -123.0)],
[(1, 9), (-150.0, -129.0)],
[(0, 10), (-190.0, -175.0)],
[(1, 11), (-180.0, -203.0)],
[(2, 7), (-132.0, -63.0)],
[(2, 7), (-132.0, -63.0)],
[(0, 6), (-185.0, -19.0)],
[(0, 5), (-201.0, 3.0)],
[(0, 5), (-201.0, 3.0)],
[(2, 6), (-134.0, -11.0)],
[(2, 6), (-134.0, -11.0)],
[(9, 4), (143.0, 45.0)],
[(9, 4), (143.0, 45.0)],
[(11, 6), (207.0, -8.0)],
[(11, 6), (207.0, -8.0)],
[(11, 7), (211.0, -53.0)],
[(11, 7), (211.0, -53.0)],
[(11, 8), (213.0, -91.0)],
[(11, 8), (213.0, -91.0)],
[(6, 0), (21.0, 206.0)],
[(6, 0), (21.0, 206.0)],
[(9, 1), (109.0, 147.0)],
[(10, 1), (163.0, 177.0)],
[(3, 11), (-86.0, -198.0)],
[(3, 11), (-86.0, -198.0)],
[(0, 11), (-199.0, -206.0)],
[(6, 3), (18.0, 94.0)],
[(9, 9), (132.0, -123.0)],
[(0, 1), (-197.0, 162.0)],
[(9, 2), (108.0, 128.0)],
[(8, 3), (92.0, 93.0)],
[(8, 6), (97.0, -29.0)],
[(9, 9), (130.0, -132.0)],
[(3, 11), (-108.0, -211.0)],
[(6, 10), (22.0, -156.0)],

]