[
[ 1 , (-444.4692563912806, 538) ],
[ 2 , (-382.11542731880104, 538) ],
[ 3 , (-350.93851278256125, 538) ],
[ 4 , (-257.40776917384187, 538) ],
[ 5 , (-163.8770255651225, 538) ],
[ 6 , (-101.52319649264291, 538) ],
[ 7 , (-70.34628195640312, 538) ],
[ 8 , (-39.169367420163326, 538) ],
[ 9 , (23.18446165231625, 538) ],
[ 10 , (54.36137618855604, 538) ],
[ 11 , (116.71520526103562, 538) ],
[ 12 , (241.42286340599478, 538) ],
[ 13 , (303.77669247847433, 538) ],
[ 14 , (334.9536070147141, 538) ],
[ 15 , (397.3074360871937, 538) ],
[ 16 , (428.4843506234335, 538) ],
[ 17 , (459.6612651596733, 538) ],
[ 18 , (522.0150942321528, 538) ],
[ 19 , (-460.0577136594005, 511.0) ],
[ 20 , (-366.52697005068114, 511.0) ],
[ 21 , (-335.35005551444135, 511.0) ],
[ 22 , (-272.99622644196177, 511.0) ],
[ 23 , (-179.4654828332424, 511.0) ],
[ 24 , (-148.2885682970026, 511.0) ],
[ 25 , (-85.93473922452301, 511.0) ],
[ 26 , (-54.75782468828322, 511.0) ],
[ 27 , (7.596004384196355, 511.0) ],
[ 28 , (38.77291892043614, 511.0) ],
[ 29 , (69.94983345667593, 511.0) ],
[ 30 , (132.3036625291555, 511.0) ],
[ 31 , (225.83440613787488, 511.0) ],
[ 32 , (288.18823521035443, 511.0) ],
[ 33 , (319.3651497465942, 511.0) ],
[ 34 , (350.542064282834, 511.0) ],
[ 35 , (412.8958933553136, 511.0) ],
[ 36 , (444.0728078915534, 511.0) ],
[ 37 , (506.426636964033, 511.0) ],
[ 38 , (537.6035515002727, 511.0) ],
[ 39 , (-538, 484.0) ],
[ 40 , (-506.8230854637602, 484.0) ],
[ 41 , (-475.6461709275204, 484.0) ],
[ 42 , (-444.4692563912806, 484.0) ],
[ 43 , (-350.93851278256125, 484.0) ],
[ 44 , (-319.76159824632146, 484.0) ],
[ 45 , (-288.58468371008166, 484.0) ],
[ 46 , (-257.40776917384187, 484.0) ],
[ 47 , (-226.23085463760208, 484.0) ],
[ 48 , (-163.8770255651225, 484.0) ],
[ 49 , (-132.7001110288827, 484.0) ],
[ 50 , (-70.34628195640312, 484.0) ],
[ 51 , (-39.169367420163326, 484.0) ],
[ 52 , (23.18446165231625, 484.0) ],
[ 53 , (54.36137618855604, 484.0) ],
[ 54 , (116.71520526103562, 484.0) ],
[ 55 , (147.8921197972754, 484.0) ],
[ 56 , (179.0690343335152, 484.0) ],
[ 57 , (241.42286340599478, 484.0) ],
[ 58 , (272.59977794223454, 484.0) ],
[ 59 , (334.9536070147141, 484.0) ],
[ 60 , (459.6612651596733, 484.0) ],
[ 61 , (522.0150942321528, 484.0) ],
[ 62 , (-522.4115427318801, 457.0) ],
[ 63 , (-491.2346281956403, 457.0) ],
[ 64 , (-428.8807991231607, 457.0) ],
[ 65 , (-397.70388458692094, 457.0) ],
[ 66 , (-304.17314097820156, 457.0) ],
[ 67 , (-241.81931190572197, 457.0) ],
[ 68 , (-210.64239736948218, 457.0) ],
[ 69 , (-117.1116537607628, 457.0) ],
[ 70 , (-85.93473922452301, 457.0) ],
[ 71 , (-23.580910152043433, 457.0) ],
[ 72 , (101.12674799291572, 457.0) ],
[ 73 , (163.4805770653953, 457.0) ],
[ 74 , (194.6574916016351, 457.0) ],
[ 75 , (257.01132067411464, 457.0) ],
[ 76 , (288.18823521035443, 457.0) ],
[ 77 , (319.3651497465942, 457.0) ],
[ 78 , (381.7189788190738, 457.0) ],
[ 79 , (444.0728078915534, 457.0) ],
[ 80 , (475.2497224277932, 457.0) ],
[ 81 , (-538, 430.0) ],
[ 82 , (-506.8230854637602, 430.0) ],
[ 83 , (-475.6461709275204, 430.0) ],
[ 84 , (-413.29234185504083, 430.0) ],
[ 85 , (-382.11542731880104, 430.0) ],
[ 86 , (-319.76159824632146, 430.0) ],
[ 87 , (-288.58468371008166, 430.0) ],
[ 88 , (-195.0539401013623, 430.0) ],
[ 89 , (-132.7001110288827, 430.0) ],
[ 90 , (-101.52319649264291, 430.0) ],
[ 91 , (-7.992452883923537, 430.0) ],
[ 92 , (23.18446165231625, 430.0) ],
[ 93 , (85.53829072479583, 430.0) ],
[ 94 , (210.24594886975498, 430.0) ],
[ 95 , (272.59977794223454, 430.0) ],
[ 96 , (303.77669247847433, 430.0) ],
[ 97 , (366.1305215509539, 430.0) ],
[ 98 , (397.3074360871937, 430.0) ],
[ 99 , (428.4843506234335, 430.0) ],
[ 100 , (490.8381796959131, 430.0) ],
[ 101 , (-522.4115427318801, 403.0) ],
[ 102 , (-491.2346281956403, 403.0) ],
[ 103 , (-428.8807991231607, 403.0) ],
[ 104 , (-397.70388458692094, 403.0) ],
[ 105 , (-366.52697005068114, 403.0) ],
[ 106 , (-304.17314097820156, 403.0) ],
[ 107 , (-210.64239736948218, 403.0) ],
[ 108 , (-117.1116537607628, 403.0) ],
[ 109 , (-85.93473922452301, 403.0) ],
[ 110 , (-23.580910152043433, 403.0) ],
[ 111 , (7.596004384196355, 403.0) ],
[ 112 , (101.12674799291572, 403.0) ],
[ 113 , (194.6574916016351, 403.0) ],
[ 114 , (257.01132067411464, 403.0) ],
[ 115 , (288.18823521035443, 403.0) ],
[ 116 , (319.3651497465942, 403.0) ],
[ 117 , (381.7189788190738, 403.0) ],
[ 118 , (412.8958933553136, 403.0) ],
[ 119 , (475.2497224277932, 403.0) ],
[ 120 , (-444.4692563912806, 376.0) ],
[ 121 , (-382.11542731880104, 376.0) ],
[ 122 , (-350.93851278256125, 376.0) ],
[ 123 , (-257.40776917384187, 376.0) ],
[ 124 , (-195.0539401013623, 376.0) ],
[ 125 , (-163.8770255651225, 376.0) ],
[ 126 , (-101.52319649264291, 376.0) ],
[ 127 , (-70.34628195640312, 376.0) ],
[ 128 , (-39.169367420163326, 376.0) ],
[ 129 , (23.18446165231625, 376.0) ],
[ 130 , (54.36137618855604, 376.0) ],
[ 131 , (116.71520526103562, 376.0) ],
[ 132 , (241.42286340599478, 376.0) ],
[ 133 , (303.77669247847433, 376.0) ],
[ 134 , (334.9536070147141, 376.0) ],
[ 135 , (366.1305215509539, 376.0) ],
[ 136 , (397.3074360871937, 376.0) ],
[ 137 , (428.4843506234335, 376.0) ],
[ 138 , (522.0150942321528, 376.0) ],
[ 139 , (-460.0577136594005, 349.0) ],
[ 140 , (-366.52697005068114, 349.0) ],
[ 141 , (-335.35005551444135, 349.0) ],
[ 142 , (-272.99622644196177, 349.0) ],
[ 143 , (-241.81931190572197, 349.0) ],
[ 144 , (-179.4654828332424, 349.0) ],
[ 145 , (-148.2885682970026, 349.0) ],
[ 146 , (-54.75782468828322, 349.0) ],
[ 147 , (7.596004384196355, 349.0) ],
[ 148 , (38.77291892043614, 349.0) ],
[ 149 , (69.94983345667593, 349.0) ],
[ 150 , (132.3036625291555, 349.0) ],
[ 151 , (163.4805770653953, 349.0) ],
[ 152 , (225.83440613787488, 349.0) ],
[ 153 , (350.542064282834, 349.0) ],
[ 154 , (412.8958933553136, 349.0) ],
[ 155 , (444.0728078915534, 349.0) ],
[ 156 , (506.426636964033, 349.0) ],
[ 157 , (537.6035515002727, 349.0) ],
[ 158 , (-538, 322.0) ],
[ 159 , (-506.8230854637602, 322.0) ],
[ 160 , (-475.6461709275204, 322.0) ],
[ 161 , (-444.4692563912806, 322.0) ],
[ 162 , (-319.76159824632146, 322.0) ],
[ 163 , (-288.58468371008166, 322.0) ],
[ 164 , (-257.40776917384187, 322.0) ],
[ 165 , (-226.23085463760208, 322.0) ],
[ 166 , (-132.7001110288827, 322.0) ],
[ 167 , (-70.34628195640312, 322.0) ],
[ 168 , (-39.169367420163326, 322.0) ],
[ 169 , (-7.992452883923537, 322.0) ],
[ 170 , (54.36137618855604, 322.0) ],
[ 171 , (116.71520526103562, 322.0) ],
[ 172 , (147.8921197972754, 322.0) ],
[ 173 , (179.0690343335152, 322.0) ],
[ 174 , (210.24594886975498, 322.0) ],
[ 175 , (241.42286340599478, 322.0) ],
[ 176 , (272.59977794223454, 322.0) ],
[ 177 , (459.6612651596733, 322.0) ],
[ 178 , (-522.4115427318801, 295.0) ],
[ 179 , (-491.2346281956403, 295.0) ],
[ 180 , (-460.0577136594005, 295.0) ],
[ 181 , (-304.17314097820156, 295.0) ],
[ 182 , (-272.99622644196177, 295.0) ],
[ 183 , (-241.81931190572197, 295.0) ],
[ 184 , (-117.1116537607628, 295.0) ],
[ 185 , (-54.75782468828322, 295.0) ],
[ 186 , (-23.580910152043433, 295.0) ],
[ 187 , (38.77291892043614, 295.0) ],
[ 188 , (69.94983345667593, 295.0) ],
[ 189 , (132.3036625291555, 295.0) ],
[ 190 , (163.4805770653953, 295.0) ],
[ 191 , (194.6574916016351, 295.0) ],
[ 192 , (225.83440613787488, 295.0) ],
[ 193 , (257.01132067411464, 295.0) ],
[ 194 , (444.0728078915534, 295.0) ],
[ 195 , (-538, 268.0) ],
[ 196 , (-506.8230854637602, 268.0) ],
[ 197 , (-475.6461709275204, 268.0) ],
[ 198 , (-413.29234185504083, 268.0) ],
[ 199 , (-382.11542731880104, 268.0) ],
[ 200 , (-319.76159824632146, 268.0) ],
[ 201 , (-288.58468371008166, 268.0) ],
[ 202 , (-226.23085463760208, 268.0) ],
[ 203 , (-195.0539401013623, 268.0) ],
[ 204 , (-132.7001110288827, 268.0) ],
[ 205 , (-101.52319649264291, 268.0) ],
[ 206 , (-7.992452883923537, 268.0) ],
[ 207 , (85.53829072479583, 268.0) ],
[ 208 , (147.8921197972754, 268.0) ],
[ 209 , (179.0690343335152, 268.0) ],
[ 210 , (210.24594886975498, 268.0) ],
[ 211 , (272.59977794223454, 268.0) ],
[ 212 , (303.77669247847433, 268.0) ],
[ 213 , (366.1305215509539, 268.0) ],
[ 214 , (490.8381796959131, 268.0) ],
[ 215 , (-491.2346281956403, 241.0) ],
[ 216 , (-428.8807991231607, 241.0) ],
[ 217 , (-397.70388458692094, 241.0) ],
[ 218 , (-366.52697005068114, 241.0) ],
[ 219 , (-304.17314097820156, 241.0) ],
[ 220 , (-272.99622644196177, 241.0) ],
[ 221 , (-210.64239736948218, 241.0) ],
[ 222 , (-85.93473922452301, 241.0) ],
[ 223 , (-23.580910152043433, 241.0) ],
[ 224 , (7.596004384196355, 241.0) ],
[ 225 , (101.12674799291572, 241.0) ],
[ 226 , (132.3036625291555, 241.0) ],
[ 227 , (194.6574916016351, 241.0) ],
[ 228 , (288.18823521035443, 241.0) ],
[ 229 , (319.3651497465942, 241.0) ],
[ 230 , (381.7189788190738, 241.0) ],
[ 231 , (412.8958933553136, 241.0) ],
[ 232 , (475.2497224277932, 241.0) ],
[ 233 , (-444.4692563912806, 214.0) ],
[ 234 , (-382.11542731880104, 214.0) ],
[ 235 , (-350.93851278256125, 214.0) ],
[ 236 , (-257.40776917384187, 214.0) ],
[ 237 , (-163.8770255651225, 214.0) ],
[ 238 , (-101.52319649264291, 214.0) ],
[ 239 , (-70.34628195640312, 214.0) ],
[ 240 , (-39.169367420163326, 214.0) ],
[ 241 , (23.18446165231625, 214.0) ],
[ 242 , (54.36137618855604, 214.0) ],
[ 243 , (116.71520526103562, 214.0) ],
[ 244 , (241.42286340599478, 214.0) ],
[ 245 , (303.77669247847433, 214.0) ],
[ 246 , (334.9536070147141, 214.0) ],
[ 247 , (397.3074360871937, 214.0) ],
[ 248 , (428.4843506234335, 214.0) ],
[ 249 , (459.6612651596733, 214.0) ],
[ 250 , (522.0150942321528, 214.0) ],
[ 251 , (-460.0577136594005, 187.0) ],
[ 252 , (-366.52697005068114, 187.0) ],
[ 253 , (-335.35005551444135, 187.0) ],
[ 254 , (-272.99622644196177, 187.0) ],
[ 255 , (-179.4654828332424, 187.0) ],
[ 256 , (-148.2885682970026, 187.0) ],
[ 257 , (-85.93473922452301, 187.0) ],
[ 258 , (-54.75782468828322, 187.0) ],
[ 259 , (7.596004384196355, 187.0) ],
[ 260 , (38.77291892043614, 187.0) ],
[ 261 , (69.94983345667593, 187.0) ],
[ 262 , (132.3036625291555, 187.0) ],
[ 263 , (225.83440613787488, 187.0) ],
[ 264 , (288.18823521035443, 187.0) ],
[ 265 , (319.3651497465942, 187.0) ],
[ 266 , (350.542064282834, 187.0) ],
[ 267 , (412.8958933553136, 187.0) ],
[ 268 , (444.0728078915534, 187.0) ],
[ 269 , (506.426636964033, 187.0) ],
[ 270 , (537.6035515002727, 187.0) ],
[ 271 , (-538, 160.0) ],
[ 272 , (-506.8230854637602, 160.0) ],
[ 273 , (-444.4692563912806, 160.0) ],
[ 274 , (-350.93851278256125, 160.0) ],
[ 275 , (-257.40776917384187, 160.0) ],
[ 276 , (-226.23085463760208, 160.0) ],
[ 277 , (-163.8770255651225, 160.0) ],
[ 278 , (-132.7001110288827, 160.0) ],
[ 279 , (-70.34628195640312, 160.0) ],
[ 280 , (-39.169367420163326, 160.0) ],
[ 281 , (23.18446165231625, 160.0) ],
[ 282 , (54.36137618855604, 160.0) ],
[ 283 , (116.71520526103562, 160.0) ],
[ 284 , (147.8921197972754, 160.0) ],
[ 285 , (179.0690343335152, 160.0) ],
[ 286 , (241.42286340599478, 160.0) ],
[ 287 , (334.9536070147141, 160.0) ],
[ 288 , (397.3074360871937, 160.0) ],
[ 289 , (428.4843506234335, 160.0) ],
[ 290 , (459.6612651596733, 160.0) ],
[ 291 , (522.0150942321528, 160.0) ],
[ 292 , (-522.4115427318801, 133.0) ],
[ 293 , (-491.2346281956403, 133.0) ],
[ 294 , (-428.8807991231607, 133.0) ],
[ 295 , (-397.70388458692094, 133.0) ],
[ 296 , (-304.17314097820156, 133.0) ],
[ 297 , (-241.81931190572197, 133.0) ],
[ 298 , (-117.1116537607628, 133.0) ],
[ 299 , (-85.93473922452301, 133.0) ],
[ 300 , (-23.580910152043433, 133.0) ],
[ 301 , (38.77291892043614, 133.0) ],
[ 302 , (69.94983345667593, 133.0) ],
[ 303 , (101.12674799291572, 133.0) ],
[ 304 , (163.4805770653953, 133.0) ],
[ 305 , (194.6574916016351, 133.0) ],
[ 306 , (225.83440613787488, 133.0) ],
[ 307 , (257.01132067411464, 133.0) ],
[ 308 , (288.18823521035443, 133.0) ],
[ 309 , (319.3651497465942, 133.0) ],
[ 310 , (444.0728078915534, 133.0) ],
[ 311 , (475.2497224277932, 133.0) ],
[ 312 , (-538, 106.0) ],
[ 313 , (-506.8230854637602, 106.0) ],
[ 314 , (-475.6461709275204, 106.0) ],
[ 315 , (-413.29234185504083, 106.0) ],
[ 316 , (-382.11542731880104, 106.0) ],
[ 317 , (-319.76159824632146, 106.0) ],
[ 318 , (-288.58468371008166, 106.0) ],
[ 319 , (-195.0539401013623, 106.0) ],
[ 320 , (-132.7001110288827, 106.0) ],
[ 321 , (-101.52319649264291, 106.0) ],
[ 322 , (-7.992452883923537, 106.0) ],
[ 323 , (23.18446165231625, 106.0) ],
[ 324 , (85.53829072479583, 106.0) ],
[ 325 , (210.24594886975498, 106.0) ],
[ 326 , (272.59977794223454, 106.0) ],
[ 327 , (303.77669247847433, 106.0) ],
[ 328 , (366.1305215509539, 106.0) ],
[ 329 , (397.3074360871937, 106.0) ],
[ 330 , (428.4843506234335, 106.0) ],
[ 331 , (490.8381796959131, 106.0) ],
[ 332 , (-522.4115427318801, 79.0) ],
[ 333 , (-491.2346281956403, 79.0) ],
[ 334 , (-428.8807991231607, 79.0) ],
[ 335 , (-397.70388458692094, 79.0) ],
[ 336 , (-366.52697005068114, 79.0) ],
[ 337 , (-304.17314097820156, 79.0) ],
[ 338 , (-210.64239736948218, 79.0) ],
[ 339 , (-117.1116537607628, 79.0) ],
[ 340 , (-85.93473922452301, 79.0) ],
[ 341 , (-23.580910152043433, 79.0) ],
[ 342 , (7.596004384196355, 79.0) ],
[ 343 , (101.12674799291572, 79.0) ],
[ 344 , (194.6574916016351, 79.0) ],
[ 345 , (257.01132067411464, 79.0) ],
[ 346 , (288.18823521035443, 79.0) ],
[ 347 , (319.3651497465942, 79.0) ],
[ 348 , (381.7189788190738, 79.0) ],
[ 349 , (412.8958933553136, 79.0) ],
[ 350 , (475.2497224277932, 79.0) ],
[ 351 , (-413.29234185504083, 52.0) ],
[ 352 , (-382.11542731880104, 52.0) ],
[ 353 , (-350.93851278256125, 52.0) ],
[ 354 , (-257.40776917384187, 52.0) ],
[ 355 , (-195.0539401013623, 52.0) ],
[ 356 , (-163.8770255651225, 52.0) ],
[ 357 , (-101.52319649264291, 52.0) ],
[ 358 , (-7.992452883923537, 52.0) ],
[ 359 , (23.18446165231625, 52.0) ],
[ 360 , (85.53829072479583, 52.0) ],
[ 361 , (116.71520526103562, 52.0) ],
[ 362 , (210.24594886975498, 52.0) ],
[ 363 , (303.77669247847433, 52.0) ],
[ 364 , (366.1305215509539, 52.0) ],
[ 365 , (397.3074360871937, 52.0) ],
[ 366 , (428.4843506234335, 52.0) ],
[ 367 , (490.8381796959131, 52.0) ],
[ 368 , (-460.0577136594005, 25.0) ],
[ 369 , (-366.52697005068114, 25.0) ],
[ 370 , (-335.35005551444135, 25.0) ],
[ 371 , (-272.99622644196177, 25.0) ],
[ 372 , (-241.81931190572197, 25.0) ],
[ 373 , (-179.4654828332424, 25.0) ],
[ 374 , (-148.2885682970026, 25.0) ],
[ 375 , (-54.75782468828322, 25.0) ],
[ 376 , (7.596004384196355, 25.0) ],
[ 377 , (38.77291892043614, 25.0) ],
[ 378 , (69.94983345667593, 25.0) ],
[ 379 , (132.3036625291555, 25.0) ],
[ 380 , (163.4805770653953, 25.0) ],
[ 381 , (225.83440613787488, 25.0) ],
[ 382 , (350.542064282834, 25.0) ],
[ 383 , (412.8958933553136, 25.0) ],
[ 384 , (444.0728078915534, 25.0) ],
[ 385 , (506.426636964033, 25.0) ],
[ 386 , (537.6035515002727, 25.0) ],
[ 387 , (-538, -2.0) ],
[ 388 , (-506.8230854637602, -2.0) ],
[ 389 , (-444.4692563912806, -2.0) ],
[ 390 , (-350.93851278256125, -2.0) ],
[ 391 , (-257.40776917384187, -2.0) ],
[ 392 , (-226.23085463760208, -2.0) ],
[ 393 , (-163.8770255651225, -2.0) ],
[ 394 , (-132.7001110288827, -2.0) ],
[ 395 , (-70.34628195640312, -2.0) ],
[ 396 , (-39.169367420163326, -2.0) ],
[ 397 , (54.36137618855604, -2.0) ],
[ 398 , (116.71520526103562, -2.0) ],
[ 399 , (147.8921197972754, -2.0) ],
[ 400 , (179.0690343335152, -2.0) ],
[ 401 , (241.42286340599478, -2.0) ],
[ 402 , (272.59977794223454, -2.0) ],
[ 403 , (334.9536070147141, -2.0) ],
[ 404 , (459.6612651596733, -2.0) ],
[ 405 , (522.0150942321528, -2.0) ],
[ 406 , (-522.4115427318801, -29.0) ],
[ 407 , (-460.0577136594005, -29.0) ],
[ 408 , (-335.35005551444135, -29.0) ],
[ 409 , (-272.99622644196177, -29.0) ],
[ 410 , (-241.81931190572197, -29.0) ],
[ 411 , (-179.4654828332424, -29.0) ],
[ 412 , (-148.2885682970026, -29.0) ],
[ 413 , (-117.1116537607628, -29.0) ],
[ 414 , (-54.75782468828322, -29.0) ],
[ 415 , (38.77291892043614, -29.0) ],
[ 416 , (69.94983345667593, -29.0) ],
[ 417 , (132.3036625291555, -29.0) ],
[ 418 , (163.4805770653953, -29.0) ],
[ 419 , (225.83440613787488, -29.0) ],
[ 420 , (257.01132067411464, -29.0) ],
[ 421 , (350.542064282834, -29.0) ],
[ 422 , (444.0728078915534, -29.0) ],
[ 423 , (506.426636964033, -29.0) ],
[ 424 , (537.6035515002727, -29.0) ],
[ 425 , (-538, -56.0) ],
[ 426 , (-506.8230854637602, -56.0) ],
[ 427 , (-475.6461709275204, -56.0) ],
[ 428 , (-413.29234185504083, -56.0) ],
[ 429 , (-382.11542731880104, -56.0) ],
[ 430 , (-319.76159824632146, -56.0) ],
[ 431 , (-288.58468371008166, -56.0) ],
[ 432 , (-226.23085463760208, -56.0) ],
[ 433 , (-195.0539401013623, -56.0) ],
[ 434 , (-132.7001110288827, -56.0) ],
[ 435 , (-101.52319649264291, -56.0) ],
[ 436 , (-7.992452883923537, -56.0) ],
[ 437 , (85.53829072479583, -56.0) ],
[ 438 , (147.8921197972754, -56.0) ],
[ 439 , (179.0690343335152, -56.0) ],
[ 440 , (210.24594886975498, -56.0) ],
[ 441 , (272.59977794223454, -56.0) ],
[ 442 , (303.77669247847433, -56.0) ],
[ 443 , (366.1305215509539, -56.0) ],
[ 444 , (490.8381796959131, -56.0) ],
[ 445 , (-491.2346281956403, -83.0) ],
[ 446 , (-428.8807991231607, -83.0) ],
[ 447 , (-397.70388458692094, -83.0) ],
[ 448 , (-366.52697005068114, -83.0) ],
[ 449 , (-304.17314097820156, -83.0) ],
[ 450 , (-210.64239736948218, -83.0) ],
[ 451 , (-85.93473922452301, -83.0) ],
[ 452 , (-23.580910152043433, -83.0) ],
[ 453 , (7.596004384196355, -83.0) ],
[ 454 , (101.12674799291572, -83.0) ],
[ 455 , (194.6574916016351, -83.0) ],
[ 456 , (257.01132067411464, -83.0) ],
[ 457 , (288.18823521035443, -83.0) ],
[ 458 , (319.3651497465942, -83.0) ],
[ 459 , (381.7189788190738, -83.0) ],
[ 460 , (412.8958933553136, -83.0) ],
[ 461 , (475.2497224277932, -83.0) ],
[ 462 , (-444.4692563912806, -110.0) ],
[ 463 , (-382.11542731880104, -110.0) ],
[ 464 , (-350.93851278256125, -110.0) ],
[ 465 , (-257.40776917384187, -110.0) ],
[ 466 , (-195.0539401013623, -110.0) ],
[ 467 , (-163.8770255651225, -110.0) ],
[ 468 , (-101.52319649264291, -110.0) ],
[ 469 , (-70.34628195640312, -110.0) ],
[ 470 , (-39.169367420163326, -110.0) ],
[ 471 , (23.18446165231625, -110.0) ],
[ 472 , (85.53829072479583, -110.0) ],
[ 473 , (116.71520526103562, -110.0) ],
[ 474 , (303.77669247847433, -110.0) ],
[ 475 , (334.9536070147141, -110.0) ],
[ 476 , (366.1305215509539, -110.0) ],
[ 477 , (397.3074360871937, -110.0) ],
[ 478 , (428.4843506234335, -110.0) ],
[ 479 , (459.6612651596733, -110.0) ],
[ 480 , (522.0150942321528, -110.0) ],
[ 481 , (-460.0577136594005, -137.0) ],
[ 482 , (-366.52697005068114, -137.0) ],
[ 483 , (-335.35005551444135, -137.0) ],
[ 484 , (-272.99622644196177, -137.0) ],
[ 485 , (-210.64239736948218, -137.0) ],
[ 486 , (-179.4654828332424, -137.0) ],
[ 487 , (-148.2885682970026, -137.0) ],
[ 488 , (-85.93473922452301, -137.0) ],
[ 489 , (-54.75782468828322, -137.0) ],
[ 490 , (7.596004384196355, -137.0) ],
[ 491 , (101.12674799291572, -137.0) ],
[ 492 , (132.3036625291555, -137.0) ],
[ 493 , (288.18823521035443, -137.0) ],
[ 494 , (319.3651497465942, -137.0) ],
[ 495 , (350.542064282834, -137.0) ],
[ 496 , (381.7189788190738, -137.0) ],
[ 497 , (412.8958933553136, -137.0) ],
[ 498 , (444.0728078915534, -137.0) ],
[ 499 , (506.426636964033, -137.0) ],
[ 500 , (537.6035515002727, -137.0) ],
[ 501 , (-538, -164.0) ],
[ 502 , (-506.8230854637602, -164.0) ],
[ 503 , (-444.4692563912806, -164.0) ],
[ 504 , (-350.93851278256125, -164.0) ],
[ 505 , (-257.40776917384187, -164.0) ],
[ 506 , (-226.23085463760208, -164.0) ],
[ 507 , (-163.8770255651225, -164.0) ],
[ 508 , (-132.7001110288827, -164.0) ],
[ 509 , (-70.34628195640312, -164.0) ],
[ 510 , (-39.169367420163326, -164.0) ],
[ 511 , (23.18446165231625, -164.0) ],
[ 512 , (54.36137618855604, -164.0) ],
[ 513 , (116.71520526103562, -164.0) ],
[ 514 , (147.8921197972754, -164.0) ],
[ 515 , (179.0690343335152, -164.0) ],
[ 516 , (241.42286340599478, -164.0) ],
[ 517 , (334.9536070147141, -164.0) ],
[ 518 , (397.3074360871937, -164.0) ],
[ 519 , (428.4843506234335, -164.0) ],
[ 520 , (459.6612651596733, -164.0) ],
[ 521 , (522.0150942321528, -164.0) ],
[ 522 , (-522.4115427318801, -191.0) ],
[ 523 , (-491.2346281956403, -191.0) ],
[ 524 , (-460.0577136594005, -191.0) ],
[ 525 , (-428.8807991231607, -191.0) ],
[ 526 , (-397.70388458692094, -191.0) ],
[ 527 , (-335.35005551444135, -191.0) ],
[ 528 , (-304.17314097820156, -191.0) ],
[ 529 , (-241.81931190572197, -191.0) ],
[ 530 , (-179.4654828332424, -191.0) ],
[ 531 , (-148.2885682970026, -191.0) ],
[ 532 , (-117.1116537607628, -191.0) ],
[ 533 , (-54.75782468828322, -191.0) ],
[ 534 , (-23.580910152043433, -191.0) ],
[ 535 , (38.77291892043614, -191.0) ],
[ 536 , (69.94983345667593, -191.0) ],
[ 537 , (163.4805770653953, -191.0) ],
[ 538 , (225.83440613787488, -191.0) ],
[ 539 , (257.01132067411464, -191.0) ],
[ 540 , (350.542064282834, -191.0) ],
[ 541 , (444.0728078915534, -191.0) ],
[ 542 , (506.426636964033, -191.0) ],
[ 543 , (537.6035515002727, -191.0) ],
[ 544 , (-538, -218.0) ],
[ 545 , (-506.8230854637602, -218.0) ],
[ 546 , (-475.6461709275204, -218.0) ],
[ 547 , (-413.29234185504083, -218.0) ],
[ 548 , (-382.11542731880104, -218.0) ],
[ 549 , (-319.76159824632146, -218.0) ],
[ 550 , (-288.58468371008166, -218.0) ],
[ 551 , (-195.0539401013623, -218.0) ],
[ 552 , (-132.7001110288827, -218.0) ],
[ 553 , (-101.52319649264291, -218.0) ],
[ 554 , (-7.992452883923537, -218.0) ],
[ 555 , (85.53829072479583, -218.0) ],
[ 556 , (210.24594886975498, -218.0) ],
[ 557 , (272.59977794223454, -218.0) ],
[ 558 , (303.77669247847433, -218.0) ],
[ 559 , (366.1305215509539, -218.0) ],
[ 560 , (490.8381796959131, -218.0) ],
[ 561 , (-522.4115427318801, -245.0) ],
[ 562 , (-491.2346281956403, -245.0) ],
[ 563 , (-428.8807991231607, -245.0) ],
[ 564 , (-397.70388458692094, -245.0) ],
[ 565 , (-366.52697005068114, -245.0) ],
[ 566 , (-304.17314097820156, -245.0) ],
[ 567 , (-210.64239736948218, -245.0) ],
[ 568 , (-117.1116537607628, -245.0) ],
[ 569 , (-85.93473922452301, -245.0) ],
[ 570 , (-23.580910152043433, -245.0) ],
[ 571 , (101.12674799291572, -245.0) ],
[ 572 , (194.6574916016351, -245.0) ],
[ 573 , (257.01132067411464, -245.0) ],
[ 574 , (288.18823521035443, -245.0) ],
[ 575 , (319.3651497465942, -245.0) ],
[ 576 , (381.7189788190738, -245.0) ],
[ 577 , (475.2497224277932, -245.0) ],
[ 578 , (-475.6461709275204, -272.0) ],
[ 579 , (-413.29234185504083, -272.0) ],
[ 580 , (-382.11542731880104, -272.0) ],
[ 581 , (-319.76159824632146, -272.0) ],
[ 582 , (-288.58468371008166, -272.0) ],
[ 583 , (-257.40776917384187, -272.0) ],
[ 584 , (-195.0539401013623, -272.0) ],
[ 585 , (-101.52319649264291, -272.0) ],
[ 586 , (-7.992452883923537, -272.0) ],
[ 587 , (23.18446165231625, -272.0) ],
[ 588 , (85.53829072479583, -272.0) ],
[ 589 , (116.71520526103562, -272.0) ],
[ 590 , (210.24594886975498, -272.0) ],
[ 591 , (272.59977794223454, -272.0) ],
[ 592 , (303.77669247847433, -272.0) ],
[ 593 , (366.1305215509539, -272.0) ],
[ 594 , (397.3074360871937, -272.0) ],
[ 595 , (428.4843506234335, -272.0) ],
[ 596 , (490.8381796959131, -272.0) ],
[ 597 , (-460.0577136594005, -299.0) ],
[ 598 , (-366.52697005068114, -299.0) ],
[ 599 , (-335.35005551444135, -299.0) ],
[ 600 , (-272.99622644196177, -299.0) ],
[ 601 , (-241.81931190572197, -299.0) ],
[ 602 , (-210.64239736948218, -299.0) ],
[ 603 , (-179.4654828332424, -299.0) ],
[ 604 , (-148.2885682970026, -299.0) ],
[ 605 , (-54.75782468828322, -299.0) ],
[ 606 , (7.596004384196355, -299.0) ],
[ 607 , (38.77291892043614, -299.0) ],
[ 608 , (69.94983345667593, -299.0) ],
[ 609 , (132.3036625291555, -299.0) ],
[ 610 , (163.4805770653953, -299.0) ],
[ 611 , (225.83440613787488, -299.0) ],
[ 612 , (350.542064282834, -299.0) ],
[ 613 , (381.7189788190738, -299.0) ],
[ 614 , (412.8958933553136, -299.0) ],
[ 615 , (444.0728078915534, -299.0) ],
[ 616 , (506.426636964033, -299.0) ],
[ 617 , (537.6035515002727, -299.0) ],
[ 618 , (-538, -326.0) ],
[ 619 , (-506.8230854637602, -326.0) ],
[ 620 , (-444.4692563912806, -326.0) ],
[ 621 , (-350.93851278256125, -326.0) ],
[ 622 , (-257.40776917384187, -326.0) ],
[ 623 , (-226.23085463760208, -326.0) ],
[ 624 , (-163.8770255651225, -326.0) ],
[ 625 , (-132.7001110288827, -326.0) ],
[ 626 , (-70.34628195640312, -326.0) ],
[ 627 , (-39.169367420163326, -326.0) ],
[ 628 , (54.36137618855604, -326.0) ],
[ 629 , (116.71520526103562, -326.0) ],
[ 630 , (147.8921197972754, -326.0) ],
[ 631 , (179.0690343335152, -326.0) ],
[ 632 , (241.42286340599478, -326.0) ],
[ 633 , (272.59977794223454, -326.0) ],
[ 634 , (334.9536070147141, -326.0) ],
[ 635 , (459.6612651596733, -326.0) ],
[ 636 , (522.0150942321528, -326.0) ],
[ 637 , (-522.4115427318801, -353.0) ],
[ 638 , (-460.0577136594005, -353.0) ],
[ 639 , (-335.35005551444135, -353.0) ],
[ 640 , (-272.99622644196177, -353.0) ],
[ 641 , (-241.81931190572197, -353.0) ],
[ 642 , (-179.4654828332424, -353.0) ],
[ 643 , (-148.2885682970026, -353.0) ],
[ 644 , (-117.1116537607628, -353.0) ],
[ 645 , (-54.75782468828322, -353.0) ],
[ 646 , (38.77291892043614, -353.0) ],
[ 647 , (69.94983345667593, -353.0) ],
[ 648 , (132.3036625291555, -353.0) ],
[ 649 , (163.4805770653953, -353.0) ],
[ 650 , (225.83440613787488, -353.0) ],
[ 651 , (257.01132067411464, -353.0) ],
[ 652 , (350.542064282834, -353.0) ],
[ 653 , (444.0728078915534, -353.0) ],
[ 654 , (506.426636964033, -353.0) ],
[ 655 , (537.6035515002727, -353.0) ],
[ 656 , (-538, -380.0) ],
[ 657 , (-506.8230854637602, -380.0) ],
[ 658 , (-475.6461709275204, -380.0) ],
[ 659 , (-444.4692563912806, -380.0) ],
[ 660 , (-413.29234185504083, -380.0) ],
[ 661 , (-319.76159824632146, -380.0) ],
[ 662 , (-288.58468371008166, -380.0) ],
[ 663 , (-226.23085463760208, -380.0) ],
[ 664 , (-132.7001110288827, -380.0) ],
[ 665 , (-70.34628195640312, -380.0) ],
[ 666 , (-39.169367420163326, -380.0) ],
[ 667 , (-7.992452883923537, -380.0) ],
[ 668 , (54.36137618855604, -380.0) ],
[ 669 , (147.8921197972754, -380.0) ],
[ 670 , (179.0690343335152, -380.0) ],
[ 671 , (210.24594886975498, -380.0) ],
[ 672 , (241.42286340599478, -380.0) ],
[ 673 , (272.59977794223454, -380.0) ],
[ 674 , (-491.2346281956403, -407.0) ],
[ 675 , (-428.8807991231607, -407.0) ],
[ 676 , (-397.70388458692094, -407.0) ],
[ 677 , (-366.52697005068114, -407.0) ],
[ 678 , (-304.17314097820156, -407.0) ],
[ 679 , (-210.64239736948218, -407.0) ],
[ 680 , (-85.93473922452301, -407.0) ],
[ 681 , (-23.580910152043433, -407.0) ],
[ 682 , (7.596004384196355, -407.0) ],
[ 683 , (101.12674799291572, -407.0) ],
[ 684 , (194.6574916016351, -407.0) ],
[ 685 , (257.01132067411464, -407.0) ],
[ 686 , (288.18823521035443, -407.0) ],
[ 687 , (319.3651497465942, -407.0) ],
[ 688 , (381.7189788190738, -407.0) ],
[ 689 , (412.8958933553136, -407.0) ],
[ 690 , (475.2497224277932, -407.0) ],
[ 691 , (-475.6461709275204, -434.0) ],
[ 692 , (-413.29234185504083, -434.0) ],
[ 693 , (-382.11542731880104, -434.0) ],
[ 694 , (-319.76159824632146, -434.0) ],
[ 695 , (-288.58468371008166, -434.0) ],
[ 696 , (-257.40776917384187, -434.0) ],
[ 697 , (-195.0539401013623, -434.0) ],
[ 698 , (-101.52319649264291, -434.0) ],
[ 699 , (-7.992452883923537, -434.0) ],
[ 700 , (23.18446165231625, -434.0) ],
[ 701 , (85.53829072479583, -434.0) ],
[ 702 , (116.71520526103562, -434.0) ],
[ 703 , (210.24594886975498, -434.0) ],
[ 704 , (303.77669247847433, -434.0) ],
[ 705 , (366.1305215509539, -434.0) ],
[ 706 , (397.3074360871937, -434.0) ],
[ 707 , (428.4843506234335, -434.0) ],
[ 708 , (459.6612651596733, -434.0) ],
[ 709 , (490.8381796959131, -434.0) ],
[ 710 , (-491.2346281956403, -461.0) ],
[ 711 , (-428.8807991231607, -461.0) ],
[ 712 , (-397.70388458692094, -461.0) ],
[ 713 , (-366.52697005068114, -461.0) ],
[ 714 , (-304.17314097820156, -461.0) ],
[ 715 , (-272.99622644196177, -461.0) ],
[ 716 , (-210.64239736948218, -461.0) ],
[ 717 , (-85.93473922452301, -461.0) ],
[ 718 , (-23.580910152043433, -461.0) ],
[ 719 , (7.596004384196355, -461.0) ],
[ 720 , (101.12674799291572, -461.0) ],
[ 721 , (132.3036625291555, -461.0) ],
[ 722 , (194.6574916016351, -461.0) ],
[ 723 , (288.18823521035443, -461.0) ],
[ 724 , (319.3651497465942, -461.0) ],
[ 725 , (381.7189788190738, -461.0) ],
[ 726 , (412.8958933553136, -461.0) ],
[ 727 , (444.0728078915534, -461.0) ],
[ 728 , (475.2497224277932, -461.0) ],
[ 729 , (-538, -488.0) ],
[ 730 , (-506.8230854637602, -488.0) ],
[ 731 , (-444.4692563912806, -488.0) ],
[ 732 , (-350.93851278256125, -488.0) ],
[ 733 , (-257.40776917384187, -488.0) ],
[ 734 , (-226.23085463760208, -488.0) ],
[ 735 , (-163.8770255651225, -488.0) ],
[ 736 , (-132.7001110288827, -488.0) ],
[ 737 , (-70.34628195640312, -488.0) ],
[ 738 , (-39.169367420163326, -488.0) ],
[ 739 , (23.18446165231625, -488.0) ],
[ 740 , (54.36137618855604, -488.0) ],
[ 741 , (116.71520526103562, -488.0) ],
[ 742 , (147.8921197972754, -488.0) ],
[ 743 , (179.0690343335152, -488.0) ],
[ 744 , (241.42286340599478, -488.0) ],
[ 745 , (334.9536070147141, -488.0) ],
[ 746 , (397.3074360871937, -488.0) ],
[ 747 , (428.4843506234335, -488.0) ],
[ 748 , (459.6612651596733, -488.0) ],
[ 749 , (522.0150942321528, -488.0) ],
[ 750 , (-522.4115427318801, -515.0) ],
[ 751 , (-460.0577136594005, -515.0) ],
[ 752 , (-428.8807991231607, -515.0) ],
[ 753 , (-397.70388458692094, -515.0) ],
[ 754 , (-335.35005551444135, -515.0) ],
[ 755 , (-241.81931190572197, -515.0) ],
[ 756 , (-179.4654828332424, -515.0) ],
[ 757 , (-148.2885682970026, -515.0) ],
[ 758 , (-117.1116537607628, -515.0) ],
[ 759 , (-54.75782468828322, -515.0) ],
[ 760 , (-23.580910152043433, -515.0) ],
[ 761 , (38.77291892043614, -515.0) ],
[ 762 , (69.94983345667593, -515.0) ],
[ 763 , (163.4805770653953, -515.0) ],
[ 764 , (225.83440613787488, -515.0) ],
[ 765 , (257.01132067411464, -515.0) ],
[ 766 , (350.542064282834, -515.0) ],
[ 767 , (444.0728078915534, -515.0) ],
[ 768 , (506.426636964033, -515.0) ],
[ 769 , (537.6035515002727, -515.0) ],
[ 770 , (-538, -540) ],
[ 771 , (-506.8230854637602, -540) ],
[ 772 , (-475.6461709275204, -540) ],
[ 773 , (-444.4692563912806, -540) ],
[ 774 , (-413.29234185504083, -540) ],
[ 775 , (-382.11542731880104, -540) ],
[ 776 , (-350.93851278256125, -540) ],
[ 777 , (-319.76159824632146, -540) ],
[ 778 , (-288.58468371008166, -540) ],
[ 779 , (-257.40776917384187, -540) ],
[ 780 , (-226.23085463760208, -540) ],
[ 781 , (-195.0539401013623, -540) ],
[ 782 , (-163.8770255651225, -540) ],
[ 783 , (-132.7001110288827, -540) ],
[ 784 , (-101.52319649264291, -540) ],
[ 785 , (-70.34628195640312, -540) ],
[ 786 , (-39.169367420163326, -540) ],
[ 787 , (-7.992452883923537, -540) ],
[ 788 , (23.18446165231625, -540) ],
[ 789 , (54.36137618855604, -540) ],
[ 790 , (85.53829072479583, -540) ],
[ 791 , (116.71520526103562, -540) ],
[ 792 , (147.8921197972754, -540) ],
[ 793 , (179.0690343335152, -540) ],
[ 794 , (210.24594886975498, -540) ],
[ 795 , (241.42286340599478, -540) ],
[ 796 , (272.59977794223454, -540) ],
[ 797 , (303.77669247847433, -540) ],
[ 798 , (334.9536070147141, -540) ],
[ 799 , (366.1305215509539, -540) ],
[ 800 , (397.3074360871937, -540) ],
[ 801 , (428.4843506234335, -540) ],
[ 802 , (459.6612651596733, -540) ],
[ 803 , (490.8381796959131, -540) ],
[ 804 , (522.0150942321528, -540) ],




[1,(-117.1116537607628, -299.0)],
[1, (-163.8770255651225, -272.0)],
[1,(-23.580910152043433, -299.0)],
[1,(241.42286340599478, -272.0)],
[1,(85.53829072479583, -380.0)],
[1,(101.12674799291572, -191.0)],
[ 1, (-195.0539401013623, -380.0)],
[ 1, (-163.8770255651225, -380.0)],
[1, (-304.17314097820156, -299.0)],
[ 1, (334.9536070147141, -272.0)],
[1, (85.53829072479583, -164.0)],
[ 1, (194.6574916016351, -191.0)],
[ 1, (-101.52319649264291, -380.0)],
[ 1, (54.36137618855604, -272.0)],
[ 1, (-195.0539401013623, 160.0)],

[1, (101.12674799291572, -299.0)],

[ 1, (475.2497224277932, -299.0)],
[ 1, (-85.93473922452301, -191.0)],
[ 1, (-382.11542731880104, -380.0)],
[1, (-350.93851278256125, -56.0)],
[ 1, (-350.93851278256125, -380.0)],
[1, (210.24594886975498, -164.0)],
[ 1, (-491.2346281956403, -299.0)],

[ 1, (334.9536070147141, -380.0)],
[1, (-226.23085463760208, -272.0)],
[ 1, (194.6574916016351, -299.0)],

[1, (-101.52319649264291, -164.0)],
[1, (-101.52319649264291, -488.0)],
[1, (7.596004384196355, -191.0)],
[ 1, (-257.40776917384187, -380.0)],

[1, (116.71520526103562, -380.0)],

[1, (163.4805770653953, 241.0)],
[ 1, (163.4805770653953, -83.0)],
[ 1, (-241.81931190572197, -407.0)],

[1, (163.4805770653953, -407.0)],

[1, (-132.7001110288827, -272.0)],
[ 1, (-85.93473922452301, -299.0)],

[ 1, (-382.11542731880104, -164.0)],
[ 1, (-272.99622644196177, -191.0)],

[1, (132.3036625291555, -191.0)],
[ 1, (459.6612651596733, 268.0)],
[ 1, (-210.64239736948218, -191.0)],
[ 1, (-522.4115427318801, -83.0)],
[1, (85.53829072479583, -164.0)],
[ 1, (-117.1116537607628, -83.0)],
[ 1, (-117.1116537607628, -407.0)],
[(27, 0), (444.0, 536.0)],
[(27, 0), (444.0, 536.0)],
[(26, 0), (412.0, 534.0)],
[(26, 0), (412.0, 534.0)],
[(26, 0), (427.0, 512.0)],
[(26, 0), (427.0, 512.0)],
[(23, 0), (321.0, 531.0)],
[(23, 0), (321.0, 531.0)],
[(24, 0), (334.0, 506.0)],
[(24, 0), (334.0, 506.0)],
[(23, 0), (303.0, 506.0)],
[(23, 0), (303.0, 506.0)],
[(21, 1), (247.0, 475.0)],
[(21, 1), (247.0, 475.0)],
[(22, 2), (270.0, 464.0)],
[(22, 2), (270.0, 464.0)],
[(22, 2), (270.0, 464.0)],
[(22, 2), (270.0, 464.0)],
[(19, 1), (164.0, 477.0)],
[(19, 1), (164.0, 477.0)],
[(20, 2), (183.0, 462.0)],
[(20, 2), (183.0, 462.0)],
[(18, 1), (136.0, 497.0)],
[(18, 1), (136.0, 497.0)],
[(18, 0), (120.0, 530.0)],
[(18, 0), (120.0, 530.0)],
[(16, 0), (56.0, 523.0)],
[(16, 0), (56.0, 523.0)],
[(16, 0), (37.0, 536.0)],
[(16, 0), (37.0, 536.0)],
[(15, 0), (20.0, 512.0)],
[(15, 0), (20.0, 512.0)],
[(16, 1), (41.0, 493.0)],
[(16, 1), (41.0, 493.0)],
[(17, 1), (104.0, 471.0)],
[(17, 1), (104.0, 471.0)],
[(20, 2), (180.0, 460.0)],
[(20, 2), (180.0, 460.0)],
[(20, 2), (209.0, 440.0)],
[(20, 2), (209.0, 440.0)],
[(20, 3), (205.0, 416.0)],
[(20, 3), (205.0, 416.0)],
[(16, 5), (49.0, 360.0)],
[(16, 5), (49.0, 360.0)],
[(15, 4), (29.0, 377.0)],
[(15, 4), (29.0, 377.0)],
[(15, 5), (22.0, 345.0)],
[(15, 5), (22.0, 345.0)],
[(15, 5), (26.0, 358.0)],
[(15, 5), (26.0, 358.0)],
[(15, 5), (26.0, 359.0)],
[(15, 3), (2.0, 422.0)],
[(15, 3), (2.0, 422.0)],
[(13, 1), (-60.0, 488.0)],
[(13, 1), (-60.0, 488.0)],
[(13, 0), (-71.0, 506.0)],
[(13, 0), (-71.0, 506.0)],
[(12, 0), (-82.0, 532.0)],
[(12, 0), (-82.0, 532.0)],
[(10, 0), (-166.0, 529.0)],
[(10, 0), (-166.0, 529.0)],
[(10, 1), (-163.0, 499.0)],
[(10, 1), (-163.0, 499.0)],
[(10, 1), (-147.0, 489.0)],
[(10, 1), (-147.0, 489.0)],
[(11, 2), (-112.0, 442.0)],
[(11, 2), (-112.0, 442.0)],
[(12, 2), (-93.0, 453.0)],
[(12, 2), (-93.0, 453.0)],
[(12, 3), (-99.0, 411.0)],
[(12, 3), (-99.0, 411.0)],
[(12, 4), (-74.0, 389.0)],
[(12, 4), (-74.0, 389.0)],
[(12, 4), (-89.0, 387.0)],
[(12, 4), (-89.0, 387.0)],
[(13, 5), (-55.0, 333.0)],
[(13, 5), (-55.0, 333.0)],
[(13, 5), (-54.0, 360.0)],
[(13, 5), (-54.0, 360.0)],
[(8, 5), (-252.0, 336.0)],
[(8, 5), (-252.0, 336.0)],
[(8, 5), (-252.0, 336.0)],
[(6, 6), (-299.0, 324.0)],
[(6, 6), (-299.0, 324.0)],
[(7, 6), (-278.0, 308.0)],
[(7, 6), (-278.0, 308.0)],
[(8, 6), (-248.0, 304.0)],
[(8, 6), (-248.0, 304.0)],
[(6, 7), (-299.0, 284.0)],
[(6, 7), (-299.0, 284.0)],
[(6, 7), (-296.0, 257.0)],
[(6, 7), (-296.0, 257.0)],
[(7, 9), (-265.0, 204.0)],
[(7, 9), (-265.0, 204.0)],
[(9, 7), (-207.0, 256.0)],
[(9, 7), (-207.0, 256.0)],
[(10, 5), (-163.0, 359.0)],
[(10, 5), (-163.0, 359.0)],
[(9, 4), (-181.0, 368.0)],
[(9, 4), (-181.0, 368.0)],
[(11, 6), (-126.0, 312.0)],
[(11, 6), (-126.0, 312.0)],
[(11, 7), (-119.0, 276.0)],
[(11, 7), (-119.0, 276.0)],
[(12, 8), (-86.0, 224.0)],
[(12, 8), (-86.0, 224.0)],
[(13, 9), (-68.0, 198.0)],
[(13, 9), (-68.0, 198.0)],
[(4, 0), (-368.0, 537.0)],
[(4, 0), (-368.0, 537.0)],
[(5, 0), (-353.0, 519.0)],
[(5, 0), (-353.0, 519.0)],
[(5, 1), (-336.0, 498.0)],
[(5, 1), (-336.0, 498.0)],
[(5, 1), (-334.0, 491.0)],
[(5, 1), (-334.0, 491.0)],
[(7, 0), (-262.0, 528.0)],
[(7, 0), (-262.0, 528.0)],
[(8, 2), (-235.0, 468.0)],
[(8, 2), (-235.0, 468.0)],
[(9, 2), (-203.0, 444.0)],
[(9, 2), (-203.0, 444.0)],
[(9, 3), (-202.0, 415.0)],
[(9, 3), (-202.0, 415.0)],
[(9, 4), (-200.0, 386.0)],
[(9, 4), (-200.0, 386.0)],
[(6, 1), (-299.0, 474.0)],
[(6, 1), (-299.0, 474.0)],
[(6, 2), (-304.0, 442.0)],
[(6, 2), (-304.0, 442.0)],
[(6, 3), (-303.0, 414.0)],
[(6, 3), (-303.0, 414.0)],
[(3, 2), (-409.0, 442.0)],
[(3, 2), (-409.0, 442.0)],
[(4, 3), (-391.0, 417.0)],
[(4, 3), (-391.0, 417.0)],
[(4, 4), (-369.0, 395.0)],
[(4, 4), (-369.0, 395.0)],
[(4, 4), (-361.0, 369.0)],
[(4, 4), (-361.0, 369.0)],
[(3, 3), (-416.0, 414.0)],
[(3, 3), (-416.0, 414.0)],
[(2, 4), (-453.0, 365.0)],
[(2, 4), (-453.0, 365.0)],
[(2, 0), (-448.0, 527.0)],
[(2, 0), (-448.0, 527.0)],
[(2, 1), (-460.0, 493.0)],
[(2, 1), (-460.0, 493.0)],
[(1, 1), (-497.0, 469.0)],
[(1, 1), (-497.0, 469.0)],
[(0, 1), (-519.0, 471.0)],
[(0, 1), (-519.0, 471.0)],
[(1, 2), (-489.0, 436.0)],
[(1, 2), (-489.0, 436.0)],
[(0, 3), (-522.0, 420.0)],
[(0, 3), (-522.0, 420.0)],
[(0, 2), (-523.0, 436.0)],
[(0, 2), (-523.0, 436.0)],
[(2, 5), (-456.0, 338.0)],
[(2, 5), (-456.0, 338.0)],
[(2, 6), (-462.0, 315.0)],
[(2, 6), (-462.0, 315.0)],
[(0, 6), (-512.0, 308.0)],
[(0, 6), (-512.0, 308.0)],
[(0, 6), (-512.0, 308.0)],
[(1, 6), (-475.0, 289.0)],
[(1, 6), (-475.0, 289.0)],
[(0, 7), (-514.0, 282.0)],
[(0, 7), (-514.0, 282.0)],
[(0, 7), (-513.0, 282.0)],
[(1, 7), (-495.0, 254.0)],
[(1, 7), (-495.0, 254.0)],
[(4, 7), (-391.0, 253.0)],
[(4, 7), (-391.0, 253.0)],
[(4, 8), (-368.0, 221.0)],
[(4, 8), (-368.0, 221.0)],
[(5, 9), (-352.0, 189.0)],
[(5, 9), (-352.0, 189.0)],
[(10, 9), (-158.0, 186.0)],
[(10, 9), (-158.0, 186.0)],
[(10, 10), (-149.0, 166.0)],
[(10, 10), (-149.0, 166.0)],
[(13, 10), (-65.0, 173.0)],
[(13, 10), (-65.0, 173.0)],
[(13, 10), (-49.0, 165.0)],
[(13, 10), (-49.0, 165.0)],
[(14, 8), (-7.0, 249.0)],
[(14, 8), (-7.0, 249.0)],
[(16, 9), (42.0, 206.0)],
[(16, 9), (42.0, 206.0)],
[(16, 10), (55.0, 176.0)],
[(16, 10), (55.0, 176.0)],
[(15, 10), (31.0, 173.0)],
[(15, 10), (31.0, 173.0)],
[(18, 6), (138.0, 306.0)],
[(18, 6), (138.0, 306.0)],
[(20, 6), (213.0, 310.0)],
[(20, 6), (213.0, 310.0)],
[(21, 10), (223.0, 159.0)],
[(21, 10), (223.0, 159.0)],
[(21, 10), (236.0, 155.0)],
[(21, 10), (236.0, 155.0)],
[(21, 10), (244.0, 145.0)],
[(21, 10), (244.0, 145.0)],
[(20, 11), (212.0, 118.0)],
[(20, 11), (212.0, 118.0)],
[(21, 9), (232.0, 204.0)],
[(21, 9), (232.0, 204.0)],
[(20, 7), (186.0, 283.0)],
[(20, 7), (186.0, 283.0)],
[(19, 7), (150.0, 285.0)],
[(19, 7), (150.0, 285.0)],
[(19, 5), (153.0, 342.0)],
[(19, 5), (153.0, 342.0)],
[(23, 3), (302.0, 416.0)],
[(23, 3), (302.0, 416.0)],
[(24, 4), (334.0, 394.0)],
[(24, 4), (334.0, 394.0)],
[(23, 4), (312.0, 384.0)],
[(23, 4), (312.0, 384.0)],
[(24, 4), (357.0, 365.0)],
[(24, 4), (357.0, 365.0)],
[(26, 3), (400.0, 401.0)],
[(26, 3), (400.0, 401.0)],
[(25, 2), (384.0, 436.0)],
[(25, 2), (384.0, 436.0)],
[(27, 1), (463.0, 473.0)],
[(27, 1), (463.0, 473.0)],
[(29, 1), (521.0, 494.0)],
[(29, 1), (521.0, 494.0)],
[(29, 0), (519.0, 522.0)],
[(29, 0), (519.0, 522.0)],
[(29, 5), (515.0, 355.0)],
[(29, 5), (515.0, 355.0)],
[(29, 5), (526.0, 359.0)],
[(29, 5), (526.0, 359.0)],
[(28, 3), (484.0, 417.0)],
[(28, 3), (484.0, 417.0)],
[(27, 6), (453.0, 309.0)],
[(27, 6), (453.0, 309.0)],
[(28, 7), (485.0, 257.0)],
[(28, 7), (485.0, 257.0)],
[(29, 9), (521.0, 199.0)],
[(29, 9), (521.0, 199.0)],
[(29, 10), (523.0, 166.0)],
[(29, 10), (523.0, 166.0)],
[(27, 4), (433.0, 361.0)],
[(27, 4), (433.0, 361.0)],
[(27, 4), (433.0, 361.0)],
[(27, 4), (433.0, 361.0)],
[(26, 8), (405.0, 231.0)],
[(26, 8), (405.0, 231.0)],
[(26, 9), (427.0, 205.0)],
[(26, 9), (427.0, 205.0)],
[(27, 10), (436.0, 169.0)],
[(27, 10), (436.0, 169.0)],
[(26, 9), (412.0, 188.0)],
[(26, 9), (412.0, 188.0)],
[(27, 10), (451.0, 149.0)],
[(27, 10), (451.0, 149.0)],
[(26, 12), (415.0, 103.0)],
[(26, 12), (415.0, 103.0)],
[(25, 12), (382.0, 91.0)],
[(25, 12), (382.0, 91.0)],
[(26, 13), (411.0, 57.0)],
[(26, 13), (411.0, 57.0)],
[(26, 13), (411.0, 57.0)],
[(25, 13), (390.0, 67.0)],
[(25, 13), (390.0, 67.0)],
[(25, 13), (361.0, 38.0)],
[(25, 13), (361.0, 38.0)],
[(26, 14), (428.0, 28.0)],
[(26, 14), (428.0, 28.0)],
[(27, 15), (457.0, -15.0)],
[(27, 15), (457.0, -15.0)],
[(29, 14), (525.0, 17.0)],
[(29, 14), (525.0, 17.0)],
[(28, 13), (483.0, 66.0)],
[(28, 11), (483.0, 125.0)],
[(28, 11), (483.0, 125.0)],
[(29, 15), (521.0, -15.0)],
[(29, 15), (521.0, -15.0)],
[(29, 15), (521.0, -15.0)],
[(29, 15), (521.0, -15.0)],
[(28, 16), (483.0, -68.0)],
[(27, 18), (443.0, -117.0)],
[(27, 18), (443.0, -117.0)],
[(22, 11), (285.0, 125.0)],
[(22, 11), (285.0, 125.0)],
[(23, 11), (306.0, 120.0)],
[(23, 11), (306.0, 120.0)],
[(22, 12), (284.0, 99.0)],
[(22, 12), (284.0, 99.0)],
[(22, 12), (270.0, 81.0)],
[(22, 12), (270.0, 81.0)],
[(23, 13), (306.0, 66.0)],
[(23, 13), (306.0, 66.0)],
[(23, 7), (294.0, 260.0)],
[(23, 7), (294.0, 260.0)],
[(23, 8), (318.0, 232.0)],
[(23, 8), (318.0, 232.0)],
[(23, 9), (321.0, 197.0)],
[(23, 9), (321.0, 197.0)],
[(18, 8), (114.0, 240.0)],
[(18, 8), (114.0, 240.0)],
[(18, 8), (118.0, 220.0)],
[(18, 8), (118.0, 220.0)],
[(17, 11), (86.0, 131.0)],
[(17, 11), (86.0, 131.0)],
[(17, 12), (86.0, 107.0)],
[(17, 12), (86.0, 107.0)],
[(15, 12), (1.0, 100.0)],
[(15, 12), (1.0, 100.0)],
[(15, 13), (7.0, 67.0)],
[(15, 13), (7.0, 67.0)],
[(15, 13), (25.0, 43.0)],
[(15, 13), (25.0, 43.0)],
[(15, 13), (5.0, 51.0)],
[(15, 13), (5.0, 51.0)],
[(19, 14), (146.0, 14.0)],
[(19, 14), (146.0, 14.0)],
[(19, 15), (152.0, -24.0)],
[(19, 15), (152.0, -24.0)],
[(19, 16), (171.0, -49.0)],
[(19, 16), (171.0, -49.0)],
[(21, 15), (237.0, -14.0)],
[(21, 15), (237.0, -14.0)],
[(22, 15), (267.0, -12.0)],
[(22, 15), (267.0, -12.0)],
[(23, 16), (294.0, -67.0)],
[(23, 16), (294.0, -67.0)],
[(24, 17), (325.0, -106.0)],
[(24, 17), (325.0, -106.0)],
[(24, 18), (349.0, -120.0)],
[(24, 18), (349.0, -120.0)],
[(26, 18), (399.0, -126.0)],
[(26, 18), (399.0, -126.0)],
[(26, 18), (427.0, -118.0)],
[(26, 18), (427.0, -118.0)],
[(25, 16), (371.0, -65.0)],
[(25, 16), (371.0, -65.0)],
[(24, 15), (347.0, -16.0)],
[(24, 15), (347.0, -16.0)],
[(17, 13), (95.0, 61.0)],
[(17, 13), (95.0, 61.0)],
[(17, 13), (95.0, 61.0)],
[(13, 14), (-54.0, 3.0)],
[(13, 14), (-54.0, 3.0)],
[(13, 14), (-55.0, 20.0)],
[(13, 14), (-55.0, 20.0)],
[(9, 12), (-203.0, 94.0)],
[(9, 12), (-203.0, 94.0)],
[(9, 13), (-182.0, 52.0)],
[(9, 13), (-182.0, 52.0)],
[(10, 14), (-164.0, 29.0)],
[(10, 14), (-164.0, 29.0)],
[(10, 14), (-149.0, 10.0)],
[(10, 14), (-149.0, 10.0)],
[(10, 15), (-148.0, -15.0)],
[(10, 15), (-148.0, -15.0)],
[(11, 16), (-122.0, -40.0)],
[(11, 16), (-122.0, -40.0)],
[(10, 15), (-171.0, -21.0)],
[(10, 15), (-171.0, -21.0)],
[(12, 17), (-82.0, -104.0)],
[(12, 17), (-82.0, -104.0)],
[(13, 18), (-68.0, -127.0)],
[(13, 18), (-68.0, -127.0)],
[(14, 16), (-9.0, -71.0)],
[(14, 16), (-9.0, -71.0)],
[(14, 16), (-9.0, -71.0)],
[(16, 15), (57.0, -17.0)],
[(16, 15), (57.0, -17.0)],
[(16, 14), (59.0, 20.0)],
[(16, 14), (59.0, 20.0)],
[(17, 13), (105.0, 58.0)],
[(17, 13), (105.0, 58.0)],
[(7, 13), (-259.0, 38.0)],
[(7, 13), (-259.0, 38.0)],
[(7, 14), (-258.0, 16.0)],
[(7, 14), (-258.0, 16.0)],
[(8, 15), (-243.0, -14.0)],
[(8, 15), (-243.0, -14.0)],
[(8, 15), (-243.0, -14.0)],
[(7, 15), (-261.0, -22.0)],
[(7, 15), (-261.0, -22.0)],
[(6, 11), (-302.0, 121.0)],
[(6, 11), (-302.0, 121.0)],
[(6, 12), (-304.0, 96.0)],
[(6, 12), (-304.0, 96.0)],
[(8, 10), (-243.0, 167.0)],
[(8, 10), (-243.0, 167.0)],
[(8, 10), (-243.0, 149.0)],
[(8, 10), (-243.0, 149.0)],
[(5, 9), (-354.0, 181.0)],
[(5, 9), (-354.0, 181.0)],
[(3, 8), (-413.0, 242.0)],
[(3, 8), (-413.0, 242.0)],
[(2, 9), (-452.0, 203.0)],
[(0, 10), (-523.0, 157.0)],
[(0, 10), (-523.0, 157.0)],
[(0, 11), (-507.0, 138.0)],
[(0, 11), (-507.0, 138.0)],
[(1, 11), (-493.0, 114.0)],
[(1, 11), (-493.0, 114.0)],
[(0, 12), (-522.0, 100.0)],
[(0, 12), (-522.0, 100.0)],
[(0, 12), (-505.0, 87.0)],
[(0, 12), (-505.0, 87.0)],
[(3, 11), (-407.0, 124.0)],
[(3, 11), (-407.0, 124.0)],
[(4, 12), (-390.0, 107.0)],
[(4, 12), (-390.0, 107.0)],
[(3, 12), (-408.0, 87.0)],
[(3, 12), (-408.0, 87.0)],
[(4, 13), (-375.0, 70.0)],
[(4, 13), (-375.0, 70.0)],
[(4, 13), (-373.0, 70.0)],
[(3, 13), (-407.0, 53.0)],
[(3, 13), (-407.0, 53.0)],
[(5, 14), (-350.0, 36.0)],
[(5, 14), (-350.0, 36.0)],
[(5, 14), (-348.0, 13.0)],
[(6, 16), (-310.0, -56.0)],
[(6, 17), (-302.0, -72.0)],
[(6, 17), (-302.0, -72.0)],
[(3, 16), (-399.0, -59.0)],
[(3, 16), (-399.0, -59.0)],
[(4, 17), (-387.0, -80.0)],
[(4, 17), (-387.0, -80.0)],
[(4, 18), (-372.0, -112.0)],
[(4, 18), (-372.0, -112.0)],
[(5, 18), (-353.0, -134.0)],
[(5, 19), (-340.0, -173.0)],
[(5, 19), (-340.0, -173.0)],
[(6, 21), (-302.0, -220.0)],
[(6, 21), (-302.0, -220.0)],
[(3, 20), (-416.0, -194.0)],
[(3, 20), (-416.0, -194.0)],
[(3, 21), (-405.0, -216.0)],
[(3, 21), (-405.0, -216.0)],
[(4, 22), (-387.0, -253.0)],
[(4, 22), (-387.0, -253.0)],
[(0, 20), (-513.0, -191.0)],
[(0, 20), (-513.0, -191.0)],
[(0, 21), (-506.0, -217.0)],
[(0, 21), (-506.0, -217.0)],
[(1, 21), (-492.0, -250.0)],
[(1, 21), (-492.0, -250.0)],
[(1, 22), (-473.0, -277.0)],
[(3, 16), (-420.0, -62.0)],
[(0, 15), (-522.0, -7.0)],
[(0, 15), (-522.0, -7.0)],
[(0, 16), (-518.0, -44.0)],
[(0, 16), (-518.0, -44.0)],
[(1, 16), (-490.0, -66.0)],
[(1, 16), (-490.0, -66.0)],
[(2, 19), (-453.0, -151.0)],
[(8, 23), (-245.0, -295.0)],
[(8, 23), (-245.0, -295.0)],
[(8, 23), (-222.0, -301.0)],
[(8, 23), (-222.0, -301.0)],
[(10, 23), (-175.0, -304.0)],
[(10, 23), (-175.0, -304.0)],
[(11, 24), (-143.0, -342.0)],
[(11, 24), (-143.0, -342.0)],
[(8, 24), (-249.0, -339.0)],
[(8, 24), (-249.0, -339.0)],
[(6, 25), (-302.0, -385.0)],
[(6, 25), (-302.0, -385.0)],
[(6, 26), (-299.0, -428.0)],
[(6, 26), (-299.0, -428.0)],
[(7, 27), (-265.0, -467.0)],
[(7, 27), (-265.0, -467.0)],
[(11, 29), (-144.0, -512.0)],
[(11, 29), (-144.0, -512.0)],
[(10, 28), (-148.0, -487.0)],
[(10, 28), (-148.0, -487.0)],
[(13, 28), (-48.0, -494.0)],
[(13, 28), (-48.0, -494.0)],
[(15, 27), (7.0, -432.0)],
[(15, 27), (7.0, -432.0)],
[(14, 25), (-23.0, -378.0)],
[(14, 25), (-23.0, -378.0)],
[(13, 24), (-55.0, -330.0)],
[(13, 24), (-55.0, -330.0)],
[(13, 23), (-54.0, -305.0)],
[(13, 23), (-54.0, -305.0)],
[(15, 22), (11.0, -277.0)],
[(15, 22), (11.0, -277.0)],
[(15, 23), (32.0, -306.0)],
[(15, 23), (32.0, -306.0)],
[(16, 23), (60.0, -309.0)],
[(16, 23), (60.0, -309.0)],
[(16, 24), (57.0, -350.0)],
[(16, 24), (57.0, -350.0)],
[(19, 23), (155.0, -308.0)],
[(19, 23), (155.0, -308.0)],
[(18, 24), (130.0, -330.0)],
[(18, 24), (130.0, -330.0)],
[(19, 24), (159.0, -333.0)],
[(19, 24), (159.0, -333.0)],
[(19, 25), (156.0, -362.0)],
[(19, 25), (156.0, -362.0)],
[(20, 25), (193.0, -389.0)],
[(20, 25), (193.0, -389.0)],
[(21, 25), (242.0, -362.0)],
[(21, 25), (242.0, -362.0)],
[(22, 24), (260.0, -339.0)],
[(22, 24), (260.0, -339.0)],
[(22, 22), (275.0, -259.0)],
[(22, 22), (275.0, -259.0)],
[(22, 21), (285.0, -232.0)],
[(22, 21), (285.0, -232.0)],
[(23, 21), (309.0, -250.0)],
[(23, 21), (309.0, -250.0)],
[(25, 22), (383.0, -281.0)],
[(25, 22), (383.0, -281.0)],
[(26, 22), (415.0, -285.0)],
[(26, 22), (415.0, -285.0)],
[(27, 23), (451.0, -311.0)],
[(27, 23), (451.0, -311.0)],
[(24, 23), (343.0, -309.0)],
[(24, 23), (343.0, -309.0)],
[(25, 26), (394.0, -415.0)],
[(25, 26), (394.0, -415.0)],
[(26, 27), (407.0, -446.0)],
[(26, 27), (407.0, -446.0)],
[(27, 27), (452.0, -447.0)],
[(27, 27), (452.0, -447.0)],
[(28, 26), (477.0, -429.0)],
[(28, 26), (477.0, -429.0)],
[(27, 28), (449.0, -476.0)],
[(27, 28), (449.0, -476.0)],
[(26, 28), (403.0, -482.0)],
[(26, 28), (403.0, -482.0)],
[(27, 29), (447.0, -518.0)],
[(27, 29), (447.0, -518.0)],
[(29, 29), (524.0, -506.0)],
[(29, 29), (524.0, -506.0)],
[(29, 24), (526.0, -335.0)],
[(29, 24), (526.0, -335.0)],
[(29, 23), (523.0, -304.0)],
[(29, 23), (523.0, -304.0)],
[(29, 19), (518.0, -178.0)],
[(29, 19), (518.0, -178.0)],
[(29, 18), (526.0, -127.0)],
[(29, 18), (526.0, -127.0)],
[(27, 19), (443.0, -149.0)],
[(27, 19), (443.0, -149.0)],
[(24, 19), (346.0, -146.0)],
[(24, 19), (346.0, -146.0)],
[(24, 19), (343.0, -178.0)],
[(21, 20), (241.0, -183.0)],
[(21, 20), (241.0, -183.0)],
[(18, 19), (130.0, -152.0)],
[(18, 19), (130.0, -152.0)],
[(18, 18), (108.0, -124.0)],
[(18, 18), (108.0, -124.0)],
[(20, 16), (200.0, -70.0)],
[(20, 16), (200.0, -70.0)],
[(23, 17), (303.0, -88.0)],
[(23, 17), (303.0, -88.0)],
[(11, 21), (-110.0, -234.0)],
[(11, 21), (-110.0, -234.0)],
[(11, 20), (-127.0, -206.0)],
[(11, 20), (-127.0, -206.0)],
[(11, 20), (-136.0, -183.0)],
[(11, 20), (-136.0, -183.0)],
[(10, 19), (-151.0, -170.0)],
[(10, 19), (-151.0, -170.0)],
[(10, 18), (-162.0, -140.0)],
[(10, 18), (-162.0, -140.0)],
[(9, 18), (-183.0, -127.0)],
[(9, 18), (-183.0, -127.0)],
[(4, 26), (-392.0, -412.0)],
[(4, 26), (-392.0, -412.0)],
[(3, 27), (-399.0, -438.0)],
[(3, 27), (-399.0, -438.0)],
[(4, 27), (-378.0, -461.0)],
[(4, 27), (-378.0, -461.0)],
[(2, 25), (-434.0, -388.0)],
[(2, 25), (-434.0, -388.0)],
[(1, 25), (-497.0, -388.0)],
[(1, 25), (-497.0, -388.0)],
[(0, 24), (-524.0, -343.0)],
[(0, 24), (-524.0, -343.0)],
[(2, 24), (-447.0, -334.0)],
[(2, 23), (-461.0, -307.0)],
[(1, 28), (-497.0, -475.0)],
[(0, 28), (-527.0, -503.0)],
[(0, 28), (-527.0, -503.0)],
[(1, 29), (-502.0, -532.0)],
[(1, 29), (-502.0, -532.0)],
[(2, 29), (-438.0, -519.0)],
[(2, 29), (-438.0, -519.0)],
[(3, 29), (-418.0, -525.0)],
[(3, 29), (-418.0, -525.0)],
[(5, 29), (-330.0, -530.0)],
[(5, 29), (-330.0, -530.0)],
[(8, 29), (-240.0, -524.0)],
[(8, 29), (-240.0, -524.0)],
[(8, 28), (-241.0, -492.0)],
[(8, 28), (-241.0, -492.0)],
[(16, 29), (47.0, -507.0)],
[(16, 29), (47.0, -507.0)],
[(18, 27), (120.0, -452.0)],
[(18, 27), (120.0, -452.0)],
[(18, 28), (132.0, -478.0)],
[(18, 28), (132.0, -478.0)],
[(20, 29), (189.0, -531.0)],
[(20, 29), (189.0, -531.0)],
[(19, 29), (161.0, -531.0)],
[(19, 29), (161.0, -531.0)],
[(21, 28), (240.0, -500.0)],
[(21, 28), (240.0, -500.0)],
[(24, 29), (350.0, -530.0)],
[(24, 29), (350.0, -530.0)],
[(23, 27), (301.0, -454.0)],
[(23, 27), (301.0, -454.0)],
[(23, 26), (304.0, -425.0)],
[(23, 26), (304.0, -425.0)],
[(22, 25), (265.0, -394.0)],
[(22, 25), (265.0, -394.0)],
[(27, 29), (438.0, -530.0)],
[(27, 29), (438.0, -530.0)],
[(27, 24), (449.0, -337.0)],
[(27, 24), (449.0, -337.0)],
[(28, 20), (498.0, -201.0)],
[(27, 19), (446.0, -173.0)],
[(27, 19), (446.0, -173.0)],
[(16, 19), (49.0, -179.0)],
[(16, 19), (49.0, -179.0)],
[(12, 21), (-102.0, -250.0)],
[(12, 21), (-102.0, -250.0)],
[(17, 17), (99.0, -89.0)],
[(14, 17), (-3.0, -82.0)],
[(19, 10), (163.0, 159.0)],
[(16, 15), (57.0, -30.0)],
[(18, 10), (130.0, 171.0)],
[(12, 12), (-94.0, 88.0)],
[(12, 12), (-94.0, 88.0)],
[(12, 11), (-103.0, 123.0)],
[(12, 11), (-104.0, 123.0)],
[(12, 11), (-104.0, 123.0)],


]