[[(27, 0), (-96.0, 1076.0)],
[(27, 0), (-96.0, 1076.0)],
[(26, 0), (-128.0, 1074.0)],
[(26, 0), (-128.0, 1074.0)],
[(26, 0), (-113.0, 1052.0)],
[(26, 0), (-113.0, 1052.0)],
[(23, 0), (-219.0, 1071.0)],
[(23, 0), (-219.0, 1071.0)],
[(24, 0), (-206.0, 1046.0)],
[(24, 0), (-206.0, 1046.0)],
[(23, 0), (-237.0, 1046.0)],
[(23, 0), (-237.0, 1046.0)],
[(21, 1), (-293.0, 1015.0)],
[(21, 1), (-293.0, 1015.0)],
[(22, 2), (-270.0, 1004.0)],
[(22, 2), (-270.0, 1004.0)],
[(22, 2), (-270.0, 1004.0)],
[(22, 2), (-270.0, 1004.0)],
[(19, 1), (-376.0, 1017.0)],
[(19, 1), (-376.0, 1017.0)],
[(20, 2), (-357.0, 1002.0)],
[(20, 2), (-357.0, 1002.0)],
[(18, 1), (-404.0, 1037.0)],
[(18, 1), (-404.0, 1037.0)],
[(18, 0), (-420.0, 1070.0)],
[(18, 0), (-420.0, 1070.0)],
[(16, 0), (-484.0, 1063.0)],
[(16, 0), (-484.0, 1063.0)],
[(16, 0), (-503.0, 1076.0)],
[(16, 0), (-503.0, 1076.0)],
[(15, 0), (-520.0, 1052.0)],
[(15, 0), (-520.0, 1052.0)],
[(16, 1), (-499.0, 1033.0)],
[(16, 1), (-499.0, 1033.0)],
[(17, 1), (-436.0, 1011.0)],
[(17, 1), (-436.0, 1011.0)],
[(20, 2), (-360.0, 1000.0)],
[(20, 2), (-360.0, 1000.0)],
[(20, 2), (-331.0, 980.0)],
[(20, 2), (-331.0, 980.0)],
[(20, 3), (-335.0, 956.0)],
[(20, 3), (-335.0, 956.0)],
[(16, 5), (-491.0, 900.0)],
[(16, 5), (-491.0, 900.0)],
[(15, 4), (-511.0, 917.0)],
[(15, 4), (-511.0, 917.0)],
[(15, 5), (-518.0, 885.0)],
[(15, 5), (-518.0, 885.0)],
[(15, 5), (-514.0, 898.0)],
[(15, 5), (-514.0, 898.0)],
[(15, 5), (-514.0, 899.0)],
[(15, 3), (-538.0, 962.0)],
[(15, 3), (-538.0, 962.0)],
[(13, 1), (-600.0, 1028.0)],
[(13, 1), (-600.0, 1028.0)],
[(13, 0), (-611.0, 1046.0)],
[(13, 0), (-611.0, 1046.0)],
[(12, 0), (-622.0, 1072.0)],
[(12, 0), (-622.0, 1072.0)],
[(10, 0), (-706.0, 1069.0)],
[(10, 0), (-706.0, 1069.0)],
[(10, 1), (-703.0, 1039.0)],
[(10, 1), (-703.0, 1039.0)],
[(10, 1), (-687.0, 1029.0)],
[(10, 1), (-687.0, 1029.0)],
[(11, 2), (-652.0, 982.0)],
[(11, 2), (-652.0, 982.0)],
[(12, 2), (-633.0, 993.0)],
[(12, 2), (-633.0, 993.0)],
[(12, 3), (-639.0, 951.0)],
[(12, 3), (-639.0, 951.0)],
[(12, 4), (-614.0, 929.0)],
[(12, 4), (-614.0, 929.0)],
[(12, 4), (-629.0, 927.0)],
[(12, 4), (-629.0, 927.0)],
[(13, 5), (-595.0, 873.0)],
[(13, 5), (-595.0, 873.0)],
[(13, 5), (-594.0, 900.0)],
[(13, 5), (-594.0, 900.0)],
[(8, 5), (-792.0, 876.0)],
[(8, 5), (-792.0, 876.0)],
[(8, 5), (-792.0, 876.0)],
[(6, 6), (-839.0, 864.0)],
[(6, 6), (-839.0, 864.0)],
[(7, 6), (-818.0, 848.0)],
[(7, 6), (-818.0, 848.0)],
[(8, 6), (-788.0, 844.0)],
[(8, 6), (-788.0, 844.0)],
[(6, 7), (-839.0, 824.0)],
[(6, 7), (-839.0, 824.0)],
[(6, 7), (-836.0, 797.0)],
[(6, 7), (-836.0, 797.0)],
[(7, 9), (-805.0, 744.0)],
[(7, 9), (-805.0, 744.0)],
[(9, 7), (-747.0, 796.0)],
[(9, 7), (-747.0, 796.0)],
[(10, 5), (-703.0, 899.0)],
[(10, 5), (-703.0, 899.0)],
[(9, 4), (-721.0, 908.0)],
[(9, 4), (-721.0, 908.0)],
[(11, 6), (-666.0, 852.0)],
[(11, 6), (-666.0, 852.0)],
[(11, 7), (-659.0, 816.0)],
[(11, 7), (-659.0, 816.0)],
[(12, 8), (-626.0, 764.0)],
[(12, 8), (-626.0, 764.0)],
[(13, 9), (-608.0, 738.0)],
[(13, 9), (-608.0, 738.0)],
[(4, 0), (-908.0, 1077.0)],
[(4, 0), (-908.0, 1077.0)],
[(5, 0), (-893.0, 1059.0)],
[(5, 0), (-893.0, 1059.0)],
[(5, 1), (-876.0, 1038.0)],
[(5, 1), (-876.0, 1038.0)],
[(5, 1), (-874.0, 1031.0)],
[(5, 1), (-874.0, 1031.0)],
[(7, 0), (-802.0, 1068.0)],
[(7, 0), (-802.0, 1068.0)],
[(8, 2), (-775.0, 1008.0)],
[(8, 2), (-775.0, 1008.0)],
[(9, 2), (-743.0, 984.0)],
[(9, 2), (-743.0, 984.0)],
[(9, 3), (-742.0, 955.0)],
[(9, 3), (-742.0, 955.0)],
[(9, 4), (-740.0, 926.0)],
[(9, 4), (-740.0, 926.0)],
[(6, 1), (-839.0, 1014.0)],
[(6, 1), (-839.0, 1014.0)],
[(6, 2), (-844.0, 982.0)],
[(6, 2), (-844.0, 982.0)],
[(6, 3), (-843.0, 954.0)],
[(6, 3), (-843.0, 954.0)],
[(3, 2), (-949.0, 982.0)],
[(3, 2), (-949.0, 982.0)],
[(4, 3), (-931.0, 957.0)],
[(4, 3), (-931.0, 957.0)],
[(4, 4), (-909.0, 935.0)],
[(4, 4), (-909.0, 935.0)],
[(4, 4), (-901.0, 909.0)],
[(4, 4), (-901.0, 909.0)],
[(3, 3), (-956.0, 954.0)],
[(3, 3), (-956.0, 954.0)],
[(2, 4), (-993.0, 905.0)],
[(2, 4), (-993.0, 905.0)],
[(2, 0), (-988.0, 1067.0)],
[(2, 0), (-988.0, 1067.0)],
[(2, 1), (-1000.0, 1033.0)],
[(2, 1), (-1000.0, 1033.0)],
[(1, 1), (-1037.0, 1009.0)],
[(1, 1), (-1037.0, 1009.0)],
[(0, 1), (-1059.0, 1011.0)],
[(0, 1), (-1059.0, 1011.0)],
[(1, 2), (-1029.0, 976.0)],
[(1, 2), (-1029.0, 976.0)],
[(0, 3), (-1062.0, 960.0)],
[(0, 3), (-1062.0, 960.0)],
[(0, 2), (-1063.0, 976.0)],
[(0, 2), (-1063.0, 976.0)],
[(2, 5), (-996.0, 878.0)],
[(2, 5), (-996.0, 878.0)],
[(2, 6), (-1002.0, 855.0)],
[(2, 6), (-1002.0, 855.0)],
[(0, 6), (-1052.0, 848.0)],
[(0, 6), (-1052.0, 848.0)],
[(0, 6), (-1052.0, 848.0)],
[(1, 6), (-1015.0, 829.0)],
[(1, 6), (-1015.0, 829.0)],
[(0, 7), (-1054.0, 822.0)],
[(0, 7), (-1054.0, 822.0)],
[(0, 7), (-1053.0, 822.0)],
[(1, 7), (-1035.0, 794.0)],
[(1, 7), (-1035.0, 794.0)],
[(4, 7), (-931.0, 793.0)],
[(4, 7), (-931.0, 793.0)],
[(4, 8), (-908.0, 761.0)],
[(4, 8), (-908.0, 761.0)],
[(5, 9), (-892.0, 729.0)],
[(5, 9), (-892.0, 729.0)],
[(10, 9), (-698.0, 726.0)],
[(10, 9), (-698.0, 726.0)],
[(10, 10), (-689.0, 706.0)],
[(10, 10), (-689.0, 706.0)],
[(13, 10), (-605.0, 713.0)],
[(13, 10), (-605.0, 713.0)],
[(13, 10), (-589.0, 705.0)],
[(13, 10), (-589.0, 705.0)],
[(14, 8), (-547.0, 789.0)],
[(14, 8), (-547.0, 789.0)],
[(16, 9), (-498.0, 746.0)],
[(16, 9), (-498.0, 746.0)],
[(16, 10), (-485.0, 716.0)],
[(16, 10), (-485.0, 716.0)],
[(15, 10), (-509.0, 713.0)],
[(15, 10), (-509.0, 713.0)],
[(18, 6), (-402.0, 846.0)],
[(18, 6), (-402.0, 846.0)],
[(20, 6), (-327.0, 850.0)],
[(20, 6), (-327.0, 850.0)],
[(21, 10), (-317.0, 699.0)],
[(21, 10), (-317.0, 699.0)],
[(21, 10), (-304.0, 695.0)],
[(21, 10), (-304.0, 695.0)],
[(21, 10), (-296.0, 685.0)],
[(21, 10), (-296.0, 685.0)],
[(20, 11), (-328.0, 658.0)],
[(20, 11), (-328.0, 658.0)],
[(21, 9), (-308.0, 744.0)],
[(21, 9), (-308.0, 744.0)],
[(20, 7), (-354.0, 823.0)],
[(20, 7), (-354.0, 823.0)],
[(19, 7), (-390.0, 825.0)],
[(19, 7), (-390.0, 825.0)],
[(19, 5), (-387.0, 882.0)],
[(19, 5), (-387.0, 882.0)],
[(23, 3), (-238.0, 956.0)],
[(23, 3), (-238.0, 956.0)],
[(24, 4), (-206.0, 934.0)],
[(24, 4), (-206.0, 934.0)],
[(23, 4), (-228.0, 924.0)],
[(23, 4), (-228.0, 924.0)],
[(24, 4), (-183.0, 905.0)],
[(24, 4), (-183.0, 905.0)],
[(26, 3), (-140.0, 941.0)],
[(26, 3), (-140.0, 941.0)],
[(25, 2), (-156.0, 976.0)],
[(25, 2), (-156.0, 976.0)],
[(27, 1), (-77.0, 1013.0)],
[(27, 1), (-77.0, 1013.0)],
[(29, 1), (-19.0, 1034.0)],
[(29, 1), (-19.0, 1034.0)],
[(29, 0), (-21.0, 1062.0)],
[(29, 0), (-21.0, 1062.0)],
[(29, 5), (-25.0, 895.0)],
[(29, 5), (-25.0, 895.0)],
[(29, 5), (-14.0, 899.0)],
[(29, 5), (-14.0, 899.0)],
[(28, 3), (-56.0, 957.0)],
[(28, 3), (-56.0, 957.0)],
[(27, 6), (-87.0, 849.0)],
[(27, 6), (-87.0, 849.0)],
[(28, 7), (-55.0, 797.0)],
[(28, 7), (-55.0, 797.0)],
[(29, 9), (-19.0, 739.0)],
[(29, 9), (-19.0, 739.0)],
[(29, 10), (-17.0, 706.0)],
[(29, 10), (-17.0, 706.0)],
[(27, 4), (-107.0, 901.0)],
[(27, 4), (-107.0, 901.0)],
[(27, 4), (-107.0, 901.0)],
[(27, 4), (-107.0, 901.0)],
[(26, 8), (-135.0, 771.0)],
[(26, 8), (-135.0, 771.0)],
[(26, 9), (-113.0, 745.0)],
[(26, 9), (-113.0, 745.0)],
[(27, 10), (-104.0, 709.0)],
[(27, 10), (-104.0, 709.0)],
[(26, 9), (-128.0, 728.0)],
[(26, 9), (-128.0, 728.0)],
[(27, 10), (-89.0, 689.0)],
[(27, 10), (-89.0, 689.0)],
[(26, 12), (-125.0, 643.0)],
[(26, 12), (-125.0, 643.0)],
[(25, 12), (-158.0, 631.0)],
[(25, 12), (-158.0, 631.0)],
[(26, 13), (-129.0, 597.0)],
[(26, 13), (-129.0, 597.0)],
[(26, 13), (-129.0, 597.0)],
[(25, 13), (-150.0, 607.0)],
[(25, 13), (-150.0, 607.0)],
[(25, 13), (-179.0, 578.0)],
[(25, 13), (-179.0, 578.0)],
[(26, 14), (-112.0, 568.0)],
[(26, 14), (-112.0, 568.0)],
[(27, 15), (-83.0, 525.0)],
[(27, 15), (-83.0, 525.0)],
[(29, 14), (-15.0, 557.0)],
[(29, 14), (-15.0, 557.0)],
[(28, 13), (-57.0, 606.0)],
[(28, 11), (-57.0, 665.0)],
[(28, 11), (-57.0, 665.0)],
[(29, 15), (-19.0, 525.0)],
[(29, 15), (-19.0, 525.0)],
[(29, 15), (-19.0, 525.0)],
[(29, 15), (-19.0, 525.0)],
[(28, 16), (-57.0, 472.0)],
[(27, 18), (-97.0, 423.0)],
[(27, 18), (-97.0, 423.0)],
[(22, 11), (-255.0, 665.0)],
[(22, 11), (-255.0, 665.0)],
[(23, 11), (-234.0, 660.0)],
[(23, 11), (-234.0, 660.0)],
[(22, 12), (-256.0, 639.0)],
[(22, 12), (-256.0, 639.0)],
[(22, 12), (-270.0, 621.0)],
[(22, 12), (-270.0, 621.0)],
[(23, 13), (-234.0, 606.0)],
[(23, 13), (-234.0, 606.0)],
[(23, 7), (-246.0, 800.0)],
[(23, 7), (-246.0, 800.0)],
[(23, 8), (-222.0, 772.0)],
[(23, 8), (-222.0, 772.0)],
[(23, 9), (-219.0, 737.0)],
[(23, 9), (-219.0, 737.0)],
[(18, 8), (-426.0, 780.0)],
[(18, 8), (-426.0, 780.0)],
[(18, 8), (-422.0, 760.0)],
[(18, 8), (-422.0, 760.0)],
[(17, 11), (-454.0, 671.0)],
[(17, 11), (-454.0, 671.0)],
[(17, 12), (-454.0, 647.0)],
[(17, 12), (-454.0, 647.0)],
[(15, 12), (-539.0, 640.0)],
[(15, 12), (-539.0, 640.0)],
[(15, 13), (-533.0, 607.0)],
[(15, 13), (-533.0, 607.0)],
[(15, 13), (-515.0, 583.0)],
[(15, 13), (-515.0, 583.0)],
[(15, 13), (-535.0, 591.0)],
[(15, 13), (-535.0, 591.0)],
[(19, 14), (-394.0, 554.0)],
[(19, 14), (-394.0, 554.0)],
[(19, 15), (-388.0, 516.0)],
[(19, 15), (-388.0, 516.0)],
[(19, 16), (-369.0, 491.0)],
[(19, 16), (-369.0, 491.0)],
[(21, 15), (-303.0, 526.0)],
[(21, 15), (-303.0, 526.0)],
[(22, 15), (-273.0, 528.0)],
[(22, 15), (-273.0, 528.0)],
[(23, 16), (-246.0, 473.0)],
[(23, 16), (-246.0, 473.0)],
[(24, 17), (-215.0, 434.0)],
[(24, 17), (-215.0, 434.0)],
[(24, 18), (-191.0, 420.0)],
[(24, 18), (-191.0, 420.0)],
[(26, 18), (-141.0, 414.0)],
[(26, 18), (-141.0, 414.0)],
[(26, 18), (-113.0, 422.0)],
[(26, 18), (-113.0, 422.0)],
[(25, 16), (-169.0, 475.0)],
[(25, 16), (-169.0, 475.0)],
[(24, 15), (-193.0, 524.0)],
[(24, 15), (-193.0, 524.0)],
[(17, 13), (-445.0, 601.0)],
[(17, 13), (-445.0, 601.0)],
[(17, 13), (-445.0, 601.0)],
[(13, 14), (-594.0, 543.0)],
[(13, 14), (-594.0, 543.0)],
[(13, 14), (-595.0, 560.0)],
[(13, 14), (-595.0, 560.0)],
[(9, 12), (-743.0, 634.0)],
[(9, 12), (-743.0, 634.0)],
[(9, 13), (-722.0, 592.0)],
[(9, 13), (-722.0, 592.0)],
[(10, 14), (-704.0, 569.0)],
[(10, 14), (-704.0, 569.0)],
[(10, 14), (-689.0, 550.0)],
[(10, 14), (-689.0, 550.0)],
[(10, 15), (-688.0, 525.0)],
[(10, 15), (-688.0, 525.0)],
[(11, 16), (-662.0, 500.0)],
[(11, 16), (-662.0, 500.0)],
[(10, 15), (-711.0, 519.0)],
[(10, 15), (-711.0, 519.0)],
[(12, 17), (-622.0, 436.0)],
[(12, 17), (-622.0, 436.0)],
[(13, 18), (-608.0, 413.0)],
[(13, 18), (-608.0, 413.0)],
[(14, 16), (-549.0, 469.0)],
[(14, 16), (-549.0, 469.0)],
[(14, 16), (-549.0, 469.0)],
[(16, 15), (-483.0, 523.0)],
[(16, 15), (-483.0, 523.0)],
[(16, 14), (-481.0, 560.0)],
[(16, 14), (-481.0, 560.0)],
[(17, 13), (-435.0, 598.0)],
[(17, 13), (-435.0, 598.0)],
[(7, 13), (-799.0, 578.0)],
[(7, 13), (-799.0, 578.0)],
[(7, 14), (-798.0, 556.0)],
[(7, 14), (-798.0, 556.0)],
[(8, 15), (-783.0, 526.0)],
[(8, 15), (-783.0, 526.0)],
[(8, 15), (-783.0, 526.0)],
[(7, 15), (-801.0, 518.0)],
[(7, 15), (-801.0, 518.0)],
[(6, 11), (-842.0, 661.0)],
[(6, 11), (-842.0, 661.0)],
[(6, 12), (-844.0, 636.0)],
[(6, 12), (-844.0, 636.0)],
[(8, 10), (-783.0, 707.0)],
[(8, 10), (-783.0, 707.0)],
[(8, 10), (-783.0, 689.0)],
[(8, 10), (-783.0, 689.0)],
[(5, 9), (-894.0, 721.0)],
[(5, 9), (-894.0, 721.0)],
[(3, 8), (-953.0, 782.0)],
[(3, 8), (-953.0, 782.0)],
[(2, 9), (-992.0, 743.0)],
[(0, 10), (-1063.0, 697.0)],
[(0, 10), (-1063.0, 697.0)],
[(0, 11), (-1047.0, 678.0)],
[(0, 11), (-1047.0, 678.0)],
[(1, 11), (-1033.0, 654.0)],
[(1, 11), (-1033.0, 654.0)],
[(0, 12), (-1062.0, 640.0)],
[(0, 12), (-1062.0, 640.0)],
[(0, 12), (-1045.0, 627.0)],
[(0, 12), (-1045.0, 627.0)],
[(3, 11), (-947.0, 664.0)],
[(3, 11), (-947.0, 664.0)],
[(4, 12), (-930.0, 647.0)],
[(4, 12), (-930.0, 647.0)],
[(3, 12), (-948.0, 627.0)],
[(3, 12), (-948.0, 627.0)],
[(4, 13), (-915.0, 610.0)],
[(4, 13), (-915.0, 610.0)],
[(4, 13), (-913.0, 610.0)],
[(3, 13), (-947.0, 593.0)],
[(3, 13), (-947.0, 593.0)],
[(5, 14), (-890.0, 576.0)],
[(5, 14), (-890.0, 576.0)],
[(5, 14), (-888.0, 553.0)],
[(6, 16), (-850.0, 484.0)],
[(6, 17), (-842.0, 468.0)],
[(6, 17), (-842.0, 468.0)],
[(3, 16), (-939.0, 481.0)],
[(3, 16), (-939.0, 481.0)],
[(4, 17), (-927.0, 460.0)],
[(4, 17), (-927.0, 460.0)],
[(4, 18), (-912.0, 428.0)],
[(4, 18), (-912.0, 428.0)],
[(5, 18), (-893.0, 406.0)],
[(5, 19), (-880.0, 367.0)],
[(5, 19), (-880.0, 367.0)],
[(6, 21), (-842.0, 320.0)],
[(6, 21), (-842.0, 320.0)],
[(3, 20), (-956.0, 346.0)],
[(3, 20), (-956.0, 346.0)],
[(3, 21), (-945.0, 324.0)],
[(3, 21), (-945.0, 324.0)],
[(4, 22), (-927.0, 287.0)],
[(4, 22), (-927.0, 287.0)],
[(0, 20), (-1053.0, 349.0)],
[(0, 20), (-1053.0, 349.0)],
[(0, 21), (-1046.0, 323.0)],
[(0, 21), (-1046.0, 323.0)],
[(1, 21), (-1032.0, 290.0)],
[(1, 21), (-1032.0, 290.0)],
[(1, 22), (-1013.0, 263.0)],
[(3, 16), (-960.0, 478.0)],
[(0, 15), (-1062.0, 533.0)],
[(0, 15), (-1062.0, 533.0)],
[(0, 16), (-1058.0, 496.0)],
[(0, 16), (-1058.0, 496.0)],
[(1, 16), (-1030.0, 474.0)],
[(1, 16), (-1030.0, 474.0)],
[(2, 19), (-993.0, 389.0)],
[(8, 23), (-785.0, 245.0)],
[(8, 23), (-785.0, 245.0)],
[(8, 23), (-762.0, 239.0)],
[(8, 23), (-762.0, 239.0)],
[(10, 23), (-715.0, 236.0)],
[(10, 23), (-715.0, 236.0)],
[(11, 24), (-683.0, 198.0)],
[(11, 24), (-683.0, 198.0)],
[(8, 24), (-789.0, 201.0)],
[(8, 24), (-789.0, 201.0)],
[(6, 25), (-842.0, 155.0)],
[(6, 25), (-842.0, 155.0)],
[(6, 26), (-839.0, 112.0)],
[(6, 26), (-839.0, 112.0)],
[(7, 27), (-805.0, 73.0)],
[(7, 27), (-805.0, 73.0)],
[(11, 29), (-684.0, 28.0)],
[(11, 29), (-684.0, 28.0)],
[(10, 28), (-688.0, 53.0)],
[(10, 28), (-688.0, 53.0)],
[(13, 28), (-588.0, 46.0)],
[(13, 28), (-588.0, 46.0)],
[(15, 27), (-533.0, 108.0)],
[(15, 27), (-533.0, 108.0)],
[(14, 25), (-563.0, 162.0)],
[(14, 25), (-563.0, 162.0)],
[(13, 24), (-595.0, 210.0)],
[(13, 24), (-595.0, 210.0)],
[(13, 23), (-594.0, 235.0)],
[(13, 23), (-594.0, 235.0)],
[(15, 22), (-529.0, 263.0)],
[(15, 22), (-529.0, 263.0)],
[(15, 23), (-508.0, 234.0)],
[(15, 23), (-508.0, 234.0)],
[(16, 23), (-480.0, 231.0)],
[(16, 23), (-480.0, 231.0)],
[(16, 24), (-483.0, 190.0)],
[(16, 24), (-483.0, 190.0)],
[(19, 23), (-385.0, 232.0)],
[(19, 23), (-385.0, 232.0)],
[(18, 24), (-410.0, 210.0)],
[(18, 24), (-410.0, 210.0)],
[(19, 24), (-381.0, 207.0)],
[(19, 24), (-381.0, 207.0)],
[(19, 25), (-384.0, 178.0)],
[(19, 25), (-384.0, 178.0)],
[(20, 25), (-347.0, 151.0)],
[(20, 25), (-347.0, 151.0)],
[(21, 25), (-298.0, 178.0)],
[(21, 25), (-298.0, 178.0)],
[(22, 24), (-280.0, 201.0)],
[(22, 24), (-280.0, 201.0)],
[(22, 22), (-265.0, 281.0)],
[(22, 22), (-265.0, 281.0)],
[(22, 21), (-255.0, 308.0)],
[(22, 21), (-255.0, 308.0)],
[(23, 21), (-231.0, 290.0)],
[(23, 21), (-231.0, 290.0)],
[(25, 22), (-157.0, 259.0)],
[(25, 22), (-157.0, 259.0)],
[(26, 22), (-125.0, 255.0)],
[(26, 22), (-125.0, 255.0)],
[(27, 23), (-89.0, 229.0)],
[(27, 23), (-89.0, 229.0)],
[(24, 23), (-197.0, 231.0)],
[(24, 23), (-197.0, 231.0)],
[(25, 26), (-146.0, 125.0)],
[(25, 26), (-146.0, 125.0)],
[(26, 27), (-133.0, 94.0)],
[(26, 27), (-133.0, 94.0)],
[(27, 27), (-88.0, 93.0)],
[(27, 27), (-88.0, 93.0)],
[(28, 26), (-63.0, 111.0)],
[(28, 26), (-63.0, 111.0)],
[(27, 28), (-91.0, 64.0)],
[(27, 28), (-91.0, 64.0)],
[(26, 28), (-137.0, 58.0)],
[(26, 28), (-137.0, 58.0)],
[(27, 29), (-93.0, 22.0)],
[(27, 29), (-93.0, 22.0)],
[(29, 29), (-16.0, 34.0)],
[(29, 29), (-16.0, 34.0)],
[(29, 24), (-14.0, 205.0)],
[(29, 24), (-14.0, 205.0)],
[(29, 23), (-17.0, 236.0)],
[(29, 23), (-17.0, 236.0)],
[(29, 19), (-22.0, 362.0)],
[(29, 19), (-22.0, 362.0)],
[(29, 18), (-14.0, 413.0)],
[(29, 18), (-14.0, 413.0)],
[(27, 19), (-97.0, 391.0)],
[(27, 19), (-97.0, 391.0)],
[(24, 19), (-194.0, 394.0)],
[(24, 19), (-194.0, 394.0)],
[(24, 19), (-197.0, 362.0)],
[(21, 20), (-299.0, 357.0)],
[(21, 20), (-299.0, 357.0)],
[(18, 19), (-410.0, 388.0)],
[(18, 19), (-410.0, 388.0)],
[(18, 18), (-432.0, 416.0)],
[(18, 18), (-432.0, 416.0)],
[(20, 16), (-340.0, 470.0)],
[(20, 16), (-340.0, 470.0)],
[(23, 17), (-237.0, 452.0)],
[(23, 17), (-237.0, 452.0)],
[(11, 21), (-650.0, 306.0)],
[(11, 21), (-650.0, 306.0)],
[(11, 20), (-667.0, 334.0)],
[(11, 20), (-667.0, 334.0)],
[(11, 20), (-676.0, 357.0)],
[(11, 20), (-676.0, 357.0)],
[(10, 19), (-691.0, 370.0)],
[(10, 19), (-691.0, 370.0)],
[(10, 18), (-702.0, 400.0)],
[(10, 18), (-702.0, 400.0)],
[(9, 18), (-723.0, 413.0)],
[(9, 18), (-723.0, 413.0)],
[(4, 26), (-932.0, 128.0)],
[(4, 26), (-932.0, 128.0)],
[(3, 27), (-939.0, 102.0)],
[(3, 27), (-939.0, 102.0)],
[(4, 27), (-918.0, 79.0)],
[(4, 27), (-918.0, 79.0)],
[(2, 25), (-974.0, 152.0)],
[(2, 25), (-974.0, 152.0)],
[(1, 25), (-1037.0, 152.0)],
[(1, 25), (-1037.0, 152.0)],
[(0, 24), (-1064.0, 197.0)],
[(0, 24), (-1064.0, 197.0)],
[(2, 24), (-987.0, 206.0)],
[(2, 23), (-1001.0, 233.0)],
[(1, 28), (-1037.0, 65.0)],
[(0, 28), (-1067.0, 37.0)],
[(0, 28), (-1067.0, 37.0)],
[(1, 29), (-1042.0, 8.0)],
[(1, 29), (-1042.0, 8.0)],
[(2, 29), (-978.0, 21.0)],
[(2, 29), (-978.0, 21.0)],
[(3, 29), (-958.0, 15.0)],
[(3, 29), (-958.0, 15.0)],
[(5, 29), (-870.0, 10.0)],
[(5, 29), (-870.0, 10.0)],
[(8, 29), (-780.0, 16.0)],
[(8, 29), (-780.0, 16.0)],
[(8, 28), (-781.0, 48.0)],
[(8, 28), (-781.0, 48.0)],
[(16, 29), (-493.0, 33.0)],
[(16, 29), (-493.0, 33.0)],
[(18, 27), (-420.0, 88.0)],
[(18, 27), (-420.0, 88.0)],
[(18, 28), (-408.0, 62.0)],
[(18, 28), (-408.0, 62.0)],
[(20, 29), (-351.0, 9.0)],
[(20, 29), (-351.0, 9.0)],
[(19, 29), (-379.0, 9.0)],
[(19, 29), (-379.0, 9.0)],
[(21, 28), (-300.0, 40.0)],
[(21, 28), (-300.0, 40.0)],
[(24, 29), (-190.0, 10.0)],
[(24, 29), (-190.0, 10.0)],
[(23, 27), (-239.0, 86.0)],
[(23, 27), (-239.0, 86.0)],
[(23, 26), (-236.0, 115.0)],
[(23, 26), (-236.0, 115.0)],
[(22, 25), (-275.0, 146.0)],
[(22, 25), (-275.0, 146.0)],
[(27, 29), (-102.0, 10.0)],
[(27, 29), (-102.0, 10.0)],
[(27, 24), (-91.0, 203.0)],
[(27, 24), (-91.0, 203.0)],
[(28, 20), (-42.0, 339.0)],
[(27, 19), (-94.0, 367.0)],
[(27, 19), (-94.0, 367.0)],
[(16, 19), (-491.0, 361.0)],
[(16, 19), (-491.0, 361.0)],
[(12, 21), (-642.0, 290.0)],
[(12, 21), (-642.0, 290.0)],
[(17, 17), (-441.0, 451.0)],
[(14, 17), (-543.0, 458.0)],
[(19, 10), (-377.0, 699.0)],
[(16, 15), (-483.0, 510.0)],
[(18, 10), (-410.0, 711.0)],
[(12, 12), (-634.0, 628.0)],
[(12, 12), (-634.0, 628.0)],
[(12, 11), (-643.0, 663.0)],
[(12, 11), (-644.0, 663.0)],
[(12, 11), (-644.0, 663.0)],
[(57, 30), (984.0, -4.0)],
[(57, 30), (984.0, -4.0)],
[(56, 30), (952.0, -6.0)],
[(56, 30), (952.0, -6.0)],
[(56, 30), (967.0, -28.0)],
[(56, 30), (967.0, -28.0)],
[(53, 30), (861.0, -9.0)],
[(53, 30), (861.0, -9.0)],
[(54, 30), (874.0, -34.0)],
[(54, 30), (874.0, -34.0)],
[(53, 30), (843.0, -34.0)],
[(53, 30), (843.0, -34.0)],
[(51, 31), (787.0, -65.0)],
[(51, 31), (787.0, -65.0)],
[(52, 32), (810.0, -76.0)],
[(52, 32), (810.0, -76.0)],
[(52, 32), (810.0, -76.0)],
[(52, 32), (810.0, -76.0)],
[(49, 31), (704.0, -63.0)],
[(49, 31), (704.0, -63.0)],
[(50, 32), (723.0, -78.0)],
[(50, 32), (723.0, -78.0)],
[(48, 31), (676.0, -43.0)],
[(48, 31), (676.0, -43.0)],
[(48, 30), (660.0, -10.0)],
[(48, 30), (660.0, -10.0)],
[(46, 30), (596.0, -17.0)],
[(46, 30), (596.0, -17.0)],
[(46, 30), (577.0, -4.0)],
[(46, 30), (577.0, -4.0)],
[(45, 30), (560.0, -28.0)],
[(45, 30), (560.0, -28.0)],
[(46, 31), (581.0, -47.0)],
[(46, 31), (581.0, -47.0)],
[(47, 31), (644.0, -69.0)],
[(47, 31), (644.0, -69.0)],
[(50, 32), (720.0, -80.0)],
[(50, 32), (720.0, -80.0)],
[(50, 32), (749.0, -100.0)],
[(50, 32), (749.0, -100.0)],
[(50, 33), (745.0, -124.0)],
[(50, 33), (745.0, -124.0)],
[(46, 35), (589.0, -180.0)],
[(46, 35), (589.0, -180.0)],
[(45, 34), (569.0, -163.0)],
[(45, 34), (569.0, -163.0)],
[(45, 35), (562.0, -195.0)],
[(45, 35), (562.0, -195.0)],
[(45, 35), (566.0, -182.0)],
[(45, 35), (566.0, -182.0)],
[(45, 35), (566.0, -181.0)],
[(45, 33), (542.0, -118.0)],
[(45, 33), (542.0, -118.0)],
[(43, 31), (480.0, -52.0)],
[(43, 31), (480.0, -52.0)],
[(43, 30), (469.0, -34.0)],
[(43, 30), (469.0, -34.0)],
[(42, 30), (458.0, -8.0)],
[(42, 30), (458.0, -8.0)],
[(40, 30), (374.0, -11.0)],
[(40, 30), (374.0, -11.0)],
[(40, 31), (377.0, -41.0)],
[(40, 31), (377.0, -41.0)],
[(40, 31), (393.0, -51.0)],
[(40, 31), (393.0, -51.0)],
[(41, 32), (428.0, -98.0)],
[(41, 32), (428.0, -98.0)],
[(42, 32), (447.0, -87.0)],
[(42, 32), (447.0, -87.0)],
[(42, 33), (441.0, -129.0)],
[(42, 33), (441.0, -129.0)],
[(42, 34), (466.0, -151.0)],
[(42, 34), (466.0, -151.0)],
[(42, 34), (451.0, -153.0)],
[(42, 34), (451.0, -153.0)],
[(43, 35), (485.0, -207.0)],
[(43, 35), (485.0, -207.0)],
[(43, 35), (486.0, -180.0)],
[(43, 35), (486.0, -180.0)],
[(38, 35), (288.0, -204.0)],
[(38, 35), (288.0, -204.0)],
[(38, 35), (288.0, -204.0)],
[(36, 36), (241.0, -216.0)],
[(36, 36), (241.0, -216.0)],
[(37, 36), (262.0, -232.0)],
[(37, 36), (262.0, -232.0)],
[(38, 36), (292.0, -236.0)],
[(38, 36), (292.0, -236.0)],
[(36, 37), (241.0, -256.0)],
[(36, 37), (241.0, -256.0)],
[(36, 37), (244.0, -283.0)],
[(36, 37), (244.0, -283.0)],
[(37, 39), (275.0, -336.0)],
[(37, 39), (275.0, -336.0)],
[(39, 37), (333.0, -284.0)],
[(39, 37), (333.0, -284.0)],
[(40, 35), (377.0, -181.0)],
[(40, 35), (377.0, -181.0)],
[(39, 34), (359.0, -172.0)],
[(39, 34), (359.0, -172.0)],
[(41, 36), (414.0, -228.0)],
[(41, 36), (414.0, -228.0)],
[(41, 37), (421.0, -264.0)],
[(41, 37), (421.0, -264.0)],
[(42, 38), (454.0, -316.0)],
[(42, 38), (454.0, -316.0)],
[(43, 39), (472.0, -342.0)],
[(43, 39), (472.0, -342.0)],
[(34, 30), (172.0, -3.0)],
[(34, 30), (172.0, -3.0)],
[(35, 30), (187.0, -21.0)],
[(35, 30), (187.0, -21.0)],
[(35, 31), (204.0, -42.0)],
[(35, 31), (204.0, -42.0)],
[(35, 31), (206.0, -49.0)],
[(35, 31), (206.0, -49.0)],
[(37, 30), (278.0, -12.0)],
[(37, 30), (278.0, -12.0)],
[(38, 32), (305.0, -72.0)],
[(38, 32), (305.0, -72.0)],
[(39, 32), (337.0, -96.0)],
[(39, 32), (337.0, -96.0)],
[(39, 33), (338.0, -125.0)],
[(39, 33), (338.0, -125.0)],
[(39, 34), (340.0, -154.0)],
[(39, 34), (340.0, -154.0)],
[(36, 31), (241.0, -66.0)],
[(36, 31), (241.0, -66.0)],
[(36, 32), (236.0, -98.0)],
[(36, 32), (236.0, -98.0)],
[(36, 33), (237.0, -126.0)],
[(36, 33), (237.0, -126.0)],
[(33, 32), (131.0, -98.0)],
[(33, 32), (131.0, -98.0)],
[(34, 33), (149.0, -123.0)],
[(34, 33), (149.0, -123.0)],
[(34, 34), (171.0, -145.0)],
[(34, 34), (171.0, -145.0)],
[(34, 34), (179.0, -171.0)],
[(34, 34), (179.0, -171.0)],
[(33, 33), (124.0, -126.0)],
[(33, 33), (124.0, -126.0)],
[(32, 34), (87.0, -175.0)],
[(32, 34), (87.0, -175.0)],
[(32, 30), (92.0, -13.0)],
[(32, 30), (92.0, -13.0)],
[(32, 31), (80.0, -47.0)],
[(32, 31), (80.0, -47.0)],
[(31, 31), (43.0, -71.0)],
[(31, 31), (43.0, -71.0)],
[(30, 31), (21.0, -69.0)],
[(30, 31), (21.0, -69.0)],
[(31, 32), (51.0, -104.0)],
[(31, 32), (51.0, -104.0)],
[(30, 33), (18.0, -120.0)],
[(30, 33), (18.0, -120.0)],
[(30, 32), (17.0, -104.0)],
[(30, 32), (17.0, -104.0)],
[(32, 35), (84.0, -202.0)],
[(32, 35), (84.0, -202.0)],
[(32, 36), (78.0, -225.0)],
[(32, 36), (78.0, -225.0)],
[(30, 36), (28.0, -232.0)],
[(30, 36), (28.0, -232.0)],
[(30, 36), (28.0, -232.0)],
[(31, 36), (65.0, -251.0)],
[(31, 36), (65.0, -251.0)],
[(30, 37), (26.0, -258.0)],
[(30, 37), (26.0, -258.0)],
[(30, 37), (27.0, -258.0)],
[(31, 37), (45.0, -286.0)],
[(31, 37), (45.0, -286.0)],
[(34, 37), (149.0, -287.0)],
[(34, 37), (149.0, -287.0)],
[(34, 38), (172.0, -319.0)],
[(34, 38), (172.0, -319.0)],
[(35, 39), (188.0, -351.0)],
[(35, 39), (188.0, -351.0)],
[(40, 39), (382.0, -354.0)],
[(40, 39), (382.0, -354.0)],
[(40, 40), (391.0, -374.0)],
[(40, 40), (391.0, -374.0)],
[(43, 40), (475.0, -367.0)],
[(43, 40), (475.0, -367.0)],
[(43, 40), (491.0, -375.0)],
[(43, 40), (491.0, -375.0)],
[(44, 38), (533.0, -291.0)],
[(44, 38), (533.0, -291.0)],
[(46, 39), (582.0, -334.0)],
[(46, 39), (582.0, -334.0)],
[(46, 40), (595.0, -364.0)],
[(46, 40), (595.0, -364.0)],
[(45, 40), (571.0, -367.0)],
[(45, 40), (571.0, -367.0)],
[(48, 36), (678.0, -234.0)],
[(48, 36), (678.0, -234.0)],
[(50, 36), (753.0, -230.0)],
[(50, 36), (753.0, -230.0)],
[(51, 40), (763.0, -381.0)],
[(51, 40), (763.0, -381.0)],
[(51, 40), (776.0, -385.0)],
[(51, 40), (776.0, -385.0)],
[(51, 40), (784.0, -395.0)],
[(51, 40), (784.0, -395.0)],
[(50, 41), (752.0, -422.0)],
[(50, 41), (752.0, -422.0)],
[(51, 39), (772.0, -336.0)],
[(51, 39), (772.0, -336.0)],
[(50, 37), (726.0, -257.0)],
[(50, 37), (726.0, -257.0)],
[(49, 37), (690.0, -255.0)],
[(49, 37), (690.0, -255.0)],
[(49, 35), (693.0, -198.0)],
[(49, 35), (693.0, -198.0)],
[(53, 33), (842.0, -124.0)],
[(53, 33), (842.0, -124.0)],
[(54, 34), (874.0, -146.0)],
[(54, 34), (874.0, -146.0)],
[(53, 34), (852.0, -156.0)],
[(53, 34), (852.0, -156.0)],
[(54, 34), (897.0, -175.0)],
[(54, 34), (897.0, -175.0)],
[(56, 33), (940.0, -139.0)],
[(56, 33), (940.0, -139.0)],
[(55, 32), (924.0, -104.0)],
[(55, 32), (924.0, -104.0)],
[(57, 31), (1003.0, -67.0)],
[(57, 31), (1003.0, -67.0)],
[(59, 31), (1061.0, -46.0)],
[(59, 31), (1061.0, -46.0)],
[(59, 30), (1059.0, -18.0)],
[(59, 30), (1059.0, -18.0)],
[(59, 35), (1055.0, -185.0)],
[(59, 35), (1055.0, -185.0)],
[(59, 35), (1066.0, -181.0)],
[(59, 35), (1066.0, -181.0)],
[(58, 33), (1024.0, -123.0)],
[(58, 33), (1024.0, -123.0)],
[(57, 36), (993.0, -231.0)],
[(57, 36), (993.0, -231.0)],
[(58, 37), (1025.0, -283.0)],
[(58, 37), (1025.0, -283.0)],
[(59, 39), (1061.0, -341.0)],
[(59, 39), (1061.0, -341.0)],
[(59, 40), (1063.0, -374.0)],
[(59, 40), (1063.0, -374.0)],
[(57, 34), (973.0, -179.0)],
[(57, 34), (973.0, -179.0)],
[(57, 34), (973.0, -179.0)],
[(57, 34), (973.0, -179.0)],
[(56, 38), (945.0, -309.0)],
[(56, 38), (945.0, -309.0)],
[(56, 39), (967.0, -335.0)],
[(56, 39), (967.0, -335.0)],
[(57, 40), (976.0, -371.0)],
[(57, 40), (976.0, -371.0)],
[(56, 39), (952.0, -352.0)],
[(56, 39), (952.0, -352.0)],
[(57, 40), (991.0, -391.0)],
[(57, 40), (991.0, -391.0)],
[(56, 42), (955.0, -437.0)],
[(56, 42), (955.0, -437.0)],
[(55, 42), (922.0, -449.0)],
[(55, 42), (922.0, -449.0)],
[(56, 43), (951.0, -483.0)],
[(56, 43), (951.0, -483.0)],
[(56, 43), (951.0, -483.0)],
[(55, 43), (930.0, -473.0)],
[(55, 43), (930.0, -473.0)],
[(55, 43), (901.0, -502.0)],
[(55, 43), (901.0, -502.0)],
[(56, 44), (968.0, -512.0)],
[(56, 44), (968.0, -512.0)],
[(57, 45), (997.0, -555.0)],
[(57, 45), (997.0, -555.0)],
[(59, 44), (1065.0, -523.0)],
[(59, 44), (1065.0, -523.0)],
[(58, 43), (1023.0, -474.0)],
[(58, 41), (1023.0, -415.0)],
[(58, 41), (1023.0, -415.0)],
[(59, 45), (1061.0, -555.0)],
[(59, 45), (1061.0, -555.0)],
[(59, 45), (1061.0, -555.0)],
[(59, 45), (1061.0, -555.0)],
[(58, 46), (1023.0, -608.0)],
[(57, 48), (983.0, -657.0)],
[(57, 48), (983.0, -657.0)],
[(52, 41), (825.0, -415.0)],
[(52, 41), (825.0, -415.0)],
[(53, 41), (846.0, -420.0)],
[(53, 41), (846.0, -420.0)],
[(52, 42), (824.0, -441.0)],
[(52, 42), (824.0, -441.0)],
[(52, 42), (810.0, -459.0)],
[(52, 42), (810.0, -459.0)],
[(53, 43), (846.0, -474.0)],
[(53, 43), (846.0, -474.0)],
[(53, 37), (834.0, -280.0)],
[(53, 37), (834.0, -280.0)],
[(53, 38), (858.0, -308.0)],
[(53, 38), (858.0, -308.0)],
[(53, 39), (861.0, -343.0)],
[(53, 39), (861.0, -343.0)],
[(48, 38), (654.0, -300.0)],
[(48, 38), (654.0, -300.0)],
[(48, 38), (658.0, -320.0)],
[(48, 38), (658.0, -320.0)],
[(47, 41), (626.0, -409.0)],
[(47, 41), (626.0, -409.0)],
[(47, 42), (626.0, -433.0)],
[(47, 42), (626.0, -433.0)],
[(45, 42), (541.0, -440.0)],
[(45, 42), (541.0, -440.0)],
[(45, 43), (547.0, -473.0)],
[(45, 43), (547.0, -473.0)],
[(45, 43), (565.0, -497.0)],
[(45, 43), (565.0, -497.0)],
[(45, 43), (545.0, -489.0)],
[(45, 43), (545.0, -489.0)],
[(49, 44), (686.0, -526.0)],
[(49, 44), (686.0, -526.0)],
[(49, 45), (692.0, -564.0)],
[(49, 45), (692.0, -564.0)],
[(49, 46), (711.0, -589.0)],
[(49, 46), (711.0, -589.0)],
[(51, 45), (777.0, -554.0)],
[(51, 45), (777.0, -554.0)],
[(52, 45), (807.0, -552.0)],
[(52, 45), (807.0, -552.0)],
[(53, 46), (834.0, -607.0)],
[(53, 46), (834.0, -607.0)],
[(54, 47), (865.0, -646.0)],
[(54, 47), (865.0, -646.0)],
[(54, 48), (889.0, -660.0)],
[(54, 48), (889.0, -660.0)],
[(56, 48), (939.0, -666.0)],
[(56, 48), (939.0, -666.0)],
[(56, 48), (967.0, -658.0)],
[(56, 48), (967.0, -658.0)],
[(55, 46), (911.0, -605.0)],
[(55, 46), (911.0, -605.0)],
[(54, 45), (887.0, -556.0)],
[(54, 45), (887.0, -556.0)],
[(47, 43), (635.0, -479.0)],
[(47, 43), (635.0, -479.0)],
[(47, 43), (635.0, -479.0)],
[(43, 44), (486.0, -537.0)],
[(43, 44), (486.0, -537.0)],
[(43, 44), (485.0, -520.0)],
[(43, 44), (485.0, -520.0)],
[(39, 42), (337.0, -446.0)],
[(39, 42), (337.0, -446.0)],
[(39, 43), (358.0, -488.0)],
[(39, 43), (358.0, -488.0)],
[(40, 44), (376.0, -511.0)],
[(40, 44), (376.0, -511.0)],
[(40, 44), (391.0, -530.0)],
[(40, 44), (391.0, -530.0)],
[(40, 45), (392.0, -555.0)],
[(40, 45), (392.0, -555.0)],
[(41, 46), (418.0, -580.0)],
[(41, 46), (418.0, -580.0)],
[(40, 45), (369.0, -561.0)],
[(40, 45), (369.0, -561.0)],
[(42, 47), (458.0, -644.0)],
[(42, 47), (458.0, -644.0)],
[(43, 48), (472.0, -667.0)],
[(43, 48), (472.0, -667.0)],
[(44, 46), (531.0, -611.0)],
[(44, 46), (531.0, -611.0)],
[(44, 46), (531.0, -611.0)],
[(46, 45), (597.0, -557.0)],
[(46, 45), (597.0, -557.0)],
[(46, 44), (599.0, -520.0)],
[(46, 44), (599.0, -520.0)],
[(47, 43), (645.0, -482.0)],
[(47, 43), (645.0, -482.0)],
[(37, 43), (281.0, -502.0)],
[(37, 43), (281.0, -502.0)],
[(37, 44), (282.0, -524.0)],
[(37, 44), (282.0, -524.0)],
[(38, 45), (297.0, -554.0)],
[(38, 45), (297.0, -554.0)],
[(38, 45), (297.0, -554.0)],
[(37, 45), (279.0, -562.0)],
[(37, 45), (279.0, -562.0)],
[(36, 41), (238.0, -419.0)],
[(36, 41), (238.0, -419.0)],
[(36, 42), (236.0, -444.0)],
[(36, 42), (236.0, -444.0)],
[(38, 40), (297.0, -373.0)],
[(38, 40), (297.0, -373.0)],
[(38, 40), (297.0, -391.0)],
[(38, 40), (297.0, -391.0)],
[(35, 39), (186.0, -359.0)],
[(35, 39), (186.0, -359.0)],
[(33, 38), (127.0, -298.0)],
[(33, 38), (127.0, -298.0)],
[(32, 39), (88.0, -337.0)],
[(30, 40), (17.0, -383.0)],
[(30, 40), (17.0, -383.0)],
[(30, 41), (33.0, -402.0)],
[(30, 41), (33.0, -402.0)],
[(31, 41), (47.0, -426.0)],
[(31, 41), (47.0, -426.0)],
[(30, 42), (18.0, -440.0)],
[(30, 42), (18.0, -440.0)],
[(30, 42), (35.0, -453.0)],
[(30, 42), (35.0, -453.0)],
[(33, 41), (133.0, -416.0)],
[(33, 41), (133.0, -416.0)],
[(34, 42), (150.0, -433.0)],
[(34, 42), (150.0, -433.0)],
[(33, 42), (132.0, -453.0)],
[(33, 42), (132.0, -453.0)],
[(34, 43), (165.0, -470.0)],
[(34, 43), (165.0, -470.0)],
[(34, 43), (167.0, -470.0)],
[(33, 43), (133.0, -487.0)],
[(33, 43), (133.0, -487.0)],
[(35, 44), (190.0, -504.0)],
[(35, 44), (190.0, -504.0)],
[(35, 44), (192.0, -527.0)],
[(36, 46), (230.0, -596.0)],
[(36, 47), (238.0, -612.0)],
[(36, 47), (238.0, -612.0)],
[(33, 46), (141.0, -599.0)],
[(33, 46), (141.0, -599.0)],
[(34, 47), (153.0, -620.0)],
[(34, 47), (153.0, -620.0)],
[(34, 48), (168.0, -652.0)],
[(34, 48), (168.0, -652.0)],
[(35, 48), (187.0, -674.0)],
[(35, 49), (200.0, -713.0)],
[(35, 49), (200.0, -713.0)],
[(36, 51), (238.0, -760.0)],
[(36, 51), (238.0, -760.0)],
[(33, 50), (124.0, -734.0)],
[(33, 50), (124.0, -734.0)],
[(33, 51), (135.0, -756.0)],
[(33, 51), (135.0, -756.0)],
[(34, 52), (153.0, -793.0)],
[(34, 52), (153.0, -793.0)],
[(30, 50), (27.0, -731.0)],
[(30, 50), (27.0, -731.0)],
[(30, 51), (34.0, -757.0)],
[(30, 51), (34.0, -757.0)],
[(31, 51), (48.0, -790.0)],
[(31, 51), (48.0, -790.0)],
[(31, 52), (67.0, -817.0)],
[(33, 46), (120.0, -602.0)],
[(30, 45), (18.0, -547.0)],
[(30, 45), (18.0, -547.0)],
[(30, 46), (22.0, -584.0)],
[(30, 46), (22.0, -584.0)],
[(31, 46), (50.0, -606.0)],
[(31, 46), (50.0, -606.0)],
[(32, 49), (87.0, -691.0)],
[(38, 53), (295.0, -835.0)],
[(38, 53), (295.0, -835.0)],
[(38, 53), (318.0, -841.0)],
[(38, 53), (318.0, -841.0)],
[(40, 53), (365.0, -844.0)],
[(40, 53), (365.0, -844.0)],
[(41, 54), (397.0, -882.0)],
[(41, 54), (397.0, -882.0)],
[(38, 54), (291.0, -879.0)],
[(38, 54), (291.0, -879.0)],
[(36, 55), (238.0, -925.0)],
[(36, 55), (238.0, -925.0)],
[(36, 56), (241.0, -968.0)],
[(36, 56), (241.0, -968.0)],
[(37, 57), (275.0, -1007.0)],
[(37, 57), (275.0, -1007.0)],
[(41, 59), (396.0, -1052.0)],
[(41, 59), (396.0, -1052.0)],
[(40, 58), (392.0, -1027.0)],
[(40, 58), (392.0, -1027.0)],
[(43, 58), (492.0, -1034.0)],
[(43, 58), (492.0, -1034.0)],
[(45, 57), (547.0, -972.0)],
[(45, 57), (547.0, -972.0)],
[(44, 55), (517.0, -918.0)],
[(44, 55), (517.0, -918.0)],
[(43, 54), (485.0, -870.0)],
[(43, 54), (485.0, -870.0)],
[(43, 53), (486.0, -845.0)],
[(43, 53), (486.0, -845.0)],
[(45, 52), (551.0, -817.0)],
[(45, 52), (551.0, -817.0)],
[(45, 53), (572.0, -846.0)],
[(45, 53), (572.0, -846.0)],
[(46, 53), (600.0, -849.0)],
[(46, 53), (600.0, -849.0)],
[(46, 54), (597.0, -890.0)],
[(46, 54), (597.0, -890.0)],
[(49, 53), (695.0, -848.0)],
[(49, 53), (695.0, -848.0)],
[(48, 54), (670.0, -870.0)],
[(48, 54), (670.0, -870.0)],
[(49, 54), (699.0, -873.0)],
[(49, 54), (699.0, -873.0)],
[(49, 55), (696.0, -902.0)],
[(49, 55), (696.0, -902.0)],
[(50, 55), (733.0, -929.0)],
[(50, 55), (733.0, -929.0)],
[(51, 55), (782.0, -902.0)],
[(51, 55), (782.0, -902.0)],
[(52, 54), (800.0, -879.0)],
[(52, 54), (800.0, -879.0)],
[(52, 52), (815.0, -799.0)],
[(52, 52), (815.0, -799.0)],
[(52, 51), (825.0, -772.0)],
[(52, 51), (825.0, -772.0)],
[(53, 51), (849.0, -790.0)],
[(53, 51), (849.0, -790.0)],
[(55, 52), (923.0, -821.0)],
[(55, 52), (923.0, -821.0)],
[(56, 52), (955.0, -825.0)],
[(56, 52), (955.0, -825.0)],
[(57, 53), (991.0, -851.0)],
[(57, 53), (991.0, -851.0)],
[(54, 53), (883.0, -849.0)],
[(54, 53), (883.0, -849.0)],
[(55, 56), (934.0, -955.0)],
[(55, 56), (934.0, -955.0)],
[(56, 57), (947.0, -986.0)],
[(56, 57), (947.0, -986.0)],
[(57, 57), (992.0, -987.0)],
[(57, 57), (992.0, -987.0)],
[(58, 56), (1017.0, -969.0)],
[(58, 56), (1017.0, -969.0)],
[(57, 58), (989.0, -1016.0)],
[(57, 58), (989.0, -1016.0)],
[(56, 58), (943.0, -1022.0)],
[(56, 58), (943.0, -1022.0)],
[(57, 59), (987.0, -1058.0)],
[(57, 59), (987.0, -1058.0)],
[(59, 59), (1064.0, -1046.0)],
[(59, 59), (1064.0, -1046.0)],
[(59, 54), (1066.0, -875.0)],
[(59, 54), (1066.0, -875.0)],
[(59, 53), (1063.0, -844.0)],
[(59, 53), (1063.0, -844.0)],
[(59, 49), (1058.0, -718.0)],
[(59, 49), (1058.0, -718.0)],
[(59, 48), (1066.0, -667.0)],
[(59, 48), (1066.0, -667.0)],
[(57, 49), (983.0, -689.0)],
[(57, 49), (983.0, -689.0)],
[(54, 49), (886.0, -686.0)],
[(54, 49), (886.0, -686.0)],
[(54, 49), (883.0, -718.0)],
[(51, 50), (781.0, -723.0)],
[(51, 50), (781.0, -723.0)],
[(48, 49), (670.0, -692.0)],
[(48, 49), (670.0, -692.0)],
[(48, 48), (648.0, -664.0)],
[(48, 48), (648.0, -664.0)],
[(50, 46), (740.0, -610.0)],
[(50, 46), (740.0, -610.0)],
[(53, 47), (843.0, -628.0)],
[(53, 47), (843.0, -628.0)],
[(41, 51), (430.0, -774.0)],
[(41, 51), (430.0, -774.0)],
[(41, 50), (413.0, -746.0)],
[(41, 50), (413.0, -746.0)],
[(41, 50), (404.0, -723.0)],
[(41, 50), (404.0, -723.0)],
[(40, 49), (389.0, -710.0)],
[(40, 49), (389.0, -710.0)],
[(40, 48), (378.0, -680.0)],
[(40, 48), (378.0, -680.0)],
[(39, 48), (357.0, -667.0)],
[(39, 48), (357.0, -667.0)],
[(34, 56), (148.0, -952.0)],
[(34, 56), (148.0, -952.0)],
[(33, 57), (141.0, -978.0)],
[(33, 57), (141.0, -978.0)],
[(34, 57), (162.0, -1001.0)],
[(34, 57), (162.0, -1001.0)],
[(32, 55), (106.0, -928.0)],
[(32, 55), (106.0, -928.0)],
[(31, 55), (43.0, -928.0)],
[(31, 55), (43.0, -928.0)],
[(30, 54), (16.0, -883.0)],
[(30, 54), (16.0, -883.0)],
[(32, 54), (93.0, -874.0)],
[(32, 53), (79.0, -847.0)],
[(31, 58), (43.0, -1015.0)],
[(30, 58), (13.0, -1043.0)],
[(30, 58), (13.0, -1043.0)],
[(31, 59), (38.0, -1072.0)],
[(31, 59), (38.0, -1072.0)],
[(32, 59), (102.0, -1059.0)],
[(32, 59), (102.0, -1059.0)],
[(33, 59), (122.0, -1065.0)],
[(33, 59), (122.0, -1065.0)],
[(35, 59), (210.0, -1070.0)],
[(35, 59), (210.0, -1070.0)],
[(38, 59), (300.0, -1064.0)],
[(38, 59), (300.0, -1064.0)],
[(38, 58), (299.0, -1032.0)],
[(38, 58), (299.0, -1032.0)],
[(46, 59), (587.0, -1047.0)],
[(46, 59), (587.0, -1047.0)],
[(48, 57), (660.0, -992.0)],
[(48, 57), (660.0, -992.0)],
[(48, 58), (672.0, -1018.0)],
[(48, 58), (672.0, -1018.0)],
[(50, 59), (729.0, -1071.0)],
[(50, 59), (729.0, -1071.0)],
[(49, 59), (701.0, -1071.0)],
[(49, 59), (701.0, -1071.0)],
[(51, 58), (780.0, -1040.0)],
[(51, 58), (780.0, -1040.0)],
[(54, 59), (890.0, -1070.0)],
[(54, 59), (890.0, -1070.0)],
[(53, 57), (841.0, -994.0)],
[(53, 57), (841.0, -994.0)],
[(53, 56), (844.0, -965.0)],
[(53, 56), (844.0, -965.0)],
[(52, 55), (805.0, -934.0)],
[(52, 55), (805.0, -934.0)],
[(57, 59), (978.0, -1070.0)],
[(57, 59), (978.0, -1070.0)],
[(57, 54), (989.0, -877.0)],
[(57, 54), (989.0, -877.0)],
[(58, 50), (1038.0, -741.0)],
[(57, 49), (986.0, -713.0)],
[(57, 49), (986.0, -713.0)],
[(46, 49), (589.0, -719.0)],
[(46, 49), (589.0, -719.0)],
[(42, 51), (438.0, -790.0)],
[(42, 51), (438.0, -790.0)],
[(47, 47), (639.0, -629.0)],
[(44, 47), (537.0, -622.0)],
[(49, 40), (703.0, -381.0)],
[(46, 45), (597.0, -570.0)],
[(48, 40), (670.0, -369.0)],
[(42, 42), (446.0, -452.0)],
[(42, 42), (446.0, -452.0)],
[(42, 41), (437.0, -417.0)],
[(42, 41), (436.0, -417.0)],
[(42, 41), (436.0, -417.0)],
[(27, 30), (-96.0, -4.0)],
[(27, 30), (-96.0, -4.0)],
[(26, 30), (-128.0, -6.0)],
[(26, 30), (-128.0, -6.0)],
[(26, 30), (-113.0, -28.0)],
[(26, 30), (-113.0, -28.0)],
[(23, 30), (-219.0, -9.0)],
[(23, 30), (-219.0, -9.0)],
[(24, 30), (-206.0, -34.0)],
[(24, 30), (-206.0, -34.0)],
[(23, 30), (-237.0, -34.0)],
[(23, 30), (-237.0, -34.0)],
[(21, 31), (-293.0, -65.0)],
[(21, 31), (-293.0, -65.0)],
[(22, 32), (-270.0, -76.0)],
[(22, 32), (-270.0, -76.0)],
[(22, 32), (-270.0, -76.0)],
[(22, 32), (-270.0, -76.0)],
[(19, 31), (-376.0, -63.0)],
[(19, 31), (-376.0, -63.0)],
[(20, 32), (-357.0, -78.0)],
[(20, 32), (-357.0, -78.0)],
[(18, 31), (-404.0, -43.0)],
[(18, 31), (-404.0, -43.0)],
[(18, 30), (-420.0, -10.0)],
[(18, 30), (-420.0, -10.0)],
[(16, 30), (-484.0, -17.0)],
[(16, 30), (-484.0, -17.0)],
[(16, 30), (-503.0, -4.0)],
[(16, 30), (-503.0, -4.0)],
[(15, 30), (-520.0, -28.0)],
[(15, 30), (-520.0, -28.0)],
[(16, 31), (-499.0, -47.0)],
[(16, 31), (-499.0, -47.0)],
[(17, 31), (-436.0, -69.0)],
[(17, 31), (-436.0, -69.0)],
[(20, 32), (-360.0, -80.0)],
[(20, 32), (-360.0, -80.0)],
[(20, 32), (-331.0, -100.0)],
[(20, 32), (-331.0, -100.0)],
[(20, 33), (-335.0, -124.0)],
[(20, 33), (-335.0, -124.0)],
[(16, 35), (-491.0, -180.0)],
[(16, 35), (-491.0, -180.0)],
[(15, 34), (-511.0, -163.0)],
[(15, 34), (-511.0, -163.0)],
[(15, 35), (-518.0, -195.0)],
[(15, 35), (-518.0, -195.0)],
[(15, 35), (-514.0, -182.0)],
[(15, 35), (-514.0, -182.0)],
[(15, 35), (-514.0, -181.0)],
[(15, 33), (-538.0, -118.0)],
[(15, 33), (-538.0, -118.0)],
[(13, 31), (-600.0, -52.0)],
[(13, 31), (-600.0, -52.0)],
[(13, 30), (-611.0, -34.0)],
[(13, 30), (-611.0, -34.0)],
[(12, 30), (-622.0, -8.0)],
[(12, 30), (-622.0, -8.0)],
[(10, 30), (-706.0, -11.0)],
[(10, 30), (-706.0, -11.0)],
[(10, 31), (-703.0, -41.0)],
[(10, 31), (-703.0, -41.0)],
[(10, 31), (-687.0, -51.0)],
[(10, 31), (-687.0, -51.0)],
[(11, 32), (-652.0, -98.0)],
[(11, 32), (-652.0, -98.0)],
[(12, 32), (-633.0, -87.0)],
[(12, 32), (-633.0, -87.0)],
[(12, 33), (-639.0, -129.0)],
[(12, 33), (-639.0, -129.0)],
[(12, 34), (-614.0, -151.0)],
[(12, 34), (-614.0, -151.0)],
[(12, 34), (-629.0, -153.0)],
[(12, 34), (-629.0, -153.0)],
[(13, 35), (-595.0, -207.0)],
[(13, 35), (-595.0, -207.0)],
[(13, 35), (-594.0, -180.0)],
[(13, 35), (-594.0, -180.0)],
[(8, 35), (-792.0, -204.0)],
[(8, 35), (-792.0, -204.0)],
[(8, 35), (-792.0, -204.0)],
[(6, 36), (-839.0, -216.0)],
[(6, 36), (-839.0, -216.0)],
[(7, 36), (-818.0, -232.0)],
[(7, 36), (-818.0, -232.0)],
[(8, 36), (-788.0, -236.0)],
[(8, 36), (-788.0, -236.0)],
[(6, 37), (-839.0, -256.0)],
[(6, 37), (-839.0, -256.0)],
[(6, 37), (-836.0, -283.0)],
[(6, 37), (-836.0, -283.0)],
[(7, 39), (-805.0, -336.0)],
[(7, 39), (-805.0, -336.0)],
[(9, 37), (-747.0, -284.0)],
[(9, 37), (-747.0, -284.0)],
[(10, 35), (-703.0, -181.0)],
[(10, 35), (-703.0, -181.0)],
[(9, 34), (-721.0, -172.0)],
[(9, 34), (-721.0, -172.0)],
[(11, 36), (-666.0, -228.0)],
[(11, 36), (-666.0, -228.0)],
[(11, 37), (-659.0, -264.0)],
[(11, 37), (-659.0, -264.0)],
[(12, 38), (-626.0, -316.0)],
[(12, 38), (-626.0, -316.0)],
[(13, 39), (-608.0, -342.0)],
[(13, 39), (-608.0, -342.0)],
[(4, 30), (-908.0, -3.0)],
[(4, 30), (-908.0, -3.0)],
[(5, 30), (-893.0, -21.0)],
[(5, 30), (-893.0, -21.0)],
[(5, 31), (-876.0, -42.0)],
[(5, 31), (-876.0, -42.0)],
[(5, 31), (-874.0, -49.0)],
[(5, 31), (-874.0, -49.0)],
[(7, 30), (-802.0, -12.0)],
[(7, 30), (-802.0, -12.0)],
[(8, 32), (-775.0, -72.0)],
[(8, 32), (-775.0, -72.0)],
[(9, 32), (-743.0, -96.0)],
[(9, 32), (-743.0, -96.0)],
[(9, 33), (-742.0, -125.0)],
[(9, 33), (-742.0, -125.0)],
[(9, 34), (-740.0, -154.0)],
[(9, 34), (-740.0, -154.0)],
[(6, 31), (-839.0, -66.0)],
[(6, 31), (-839.0, -66.0)],
[(6, 32), (-844.0, -98.0)],
[(6, 32), (-844.0, -98.0)],
[(6, 33), (-843.0, -126.0)],
[(6, 33), (-843.0, -126.0)],
[(3, 32), (-949.0, -98.0)],
[(3, 32), (-949.0, -98.0)],
[(4, 33), (-931.0, -123.0)],
[(4, 33), (-931.0, -123.0)],
[(4, 34), (-909.0, -145.0)],
[(4, 34), (-909.0, -145.0)],
[(4, 34), (-901.0, -171.0)],
[(4, 34), (-901.0, -171.0)],
[(3, 33), (-956.0, -126.0)],
[(3, 33), (-956.0, -126.0)],
[(2, 34), (-993.0, -175.0)],
[(2, 34), (-993.0, -175.0)],
[(2, 30), (-988.0, -13.0)],
[(2, 30), (-988.0, -13.0)],
[(2, 31), (-1000.0, -47.0)],
[(2, 31), (-1000.0, -47.0)],
[(1, 31), (-1037.0, -71.0)],
[(1, 31), (-1037.0, -71.0)],
[(0, 31), (-1059.0, -69.0)],
[(0, 31), (-1059.0, -69.0)],
[(1, 32), (-1029.0, -104.0)],
[(1, 32), (-1029.0, -104.0)],
[(0, 33), (-1062.0, -120.0)],
[(0, 33), (-1062.0, -120.0)],
[(0, 32), (-1063.0, -104.0)],
[(0, 32), (-1063.0, -104.0)],
[(2, 35), (-996.0, -202.0)],
[(2, 35), (-996.0, -202.0)],
[(2, 36), (-1002.0, -225.0)],
[(2, 36), (-1002.0, -225.0)],
[(0, 36), (-1052.0, -232.0)],
[(0, 36), (-1052.0, -232.0)],
[(0, 36), (-1052.0, -232.0)],
[(1, 36), (-1015.0, -251.0)],
[(1, 36), (-1015.0, -251.0)],
[(0, 37), (-1054.0, -258.0)],
[(0, 37), (-1054.0, -258.0)],
[(0, 37), (-1053.0, -258.0)],
[(1, 37), (-1035.0, -286.0)],
[(1, 37), (-1035.0, -286.0)],
[(4, 37), (-931.0, -287.0)],
[(4, 37), (-931.0, -287.0)],
[(4, 38), (-908.0, -319.0)],
[(4, 38), (-908.0, -319.0)],
[(5, 39), (-892.0, -351.0)],
[(5, 39), (-892.0, -351.0)],
[(10, 39), (-698.0, -354.0)],
[(10, 39), (-698.0, -354.0)],
[(10, 40), (-689.0, -374.0)],
[(10, 40), (-689.0, -374.0)],
[(13, 40), (-605.0, -367.0)],
[(13, 40), (-605.0, -367.0)],
[(13, 40), (-589.0, -375.0)],
[(13, 40), (-589.0, -375.0)],
[(14, 38), (-547.0, -291.0)],
[(14, 38), (-547.0, -291.0)],
[(16, 39), (-498.0, -334.0)],
[(16, 39), (-498.0, -334.0)],
[(16, 40), (-485.0, -364.0)],
[(16, 40), (-485.0, -364.0)],
[(15, 40), (-509.0, -367.0)],
[(15, 40), (-509.0, -367.0)],
[(18, 36), (-402.0, -234.0)],
[(18, 36), (-402.0, -234.0)],
[(20, 36), (-327.0, -230.0)],
[(20, 36), (-327.0, -230.0)],
[(21, 40), (-317.0, -381.0)],
[(21, 40), (-317.0, -381.0)],
[(21, 40), (-304.0, -385.0)],
[(21, 40), (-304.0, -385.0)],
[(21, 40), (-296.0, -395.0)],
[(21, 40), (-296.0, -395.0)],
[(20, 41), (-328.0, -422.0)],
[(20, 41), (-328.0, -422.0)],
[(21, 39), (-308.0, -336.0)],
[(21, 39), (-308.0, -336.0)],
[(20, 37), (-354.0, -257.0)],
[(20, 37), (-354.0, -257.0)],
[(19, 37), (-390.0, -255.0)],
[(19, 37), (-390.0, -255.0)],
[(19, 35), (-387.0, -198.0)],
[(19, 35), (-387.0, -198.0)],
[(23, 33), (-238.0, -124.0)],
[(23, 33), (-238.0, -124.0)],
[(24, 34), (-206.0, -146.0)],
[(24, 34), (-206.0, -146.0)],
[(23, 34), (-228.0, -156.0)],
[(23, 34), (-228.0, -156.0)],
[(24, 34), (-183.0, -175.0)],
[(24, 34), (-183.0, -175.0)],
[(26, 33), (-140.0, -139.0)],
[(26, 33), (-140.0, -139.0)],
[(25, 32), (-156.0, -104.0)],
[(25, 32), (-156.0, -104.0)],
[(27, 31), (-77.0, -67.0)],
[(27, 31), (-77.0, -67.0)],
[(29, 31), (-19.0, -46.0)],
[(29, 31), (-19.0, -46.0)],
[(29, 30), (-21.0, -18.0)],
[(29, 30), (-21.0, -18.0)],
[(29, 35), (-25.0, -185.0)],
[(29, 35), (-25.0, -185.0)],
[(29, 35), (-14.0, -181.0)],
[(29, 35), (-14.0, -181.0)],
[(28, 33), (-56.0, -123.0)],
[(28, 33), (-56.0, -123.0)],
[(27, 36), (-87.0, -231.0)],
[(27, 36), (-87.0, -231.0)],
[(28, 37), (-55.0, -283.0)],
[(28, 37), (-55.0, -283.0)],
[(29, 39), (-19.0, -341.0)],
[(29, 39), (-19.0, -341.0)],
[(29, 40), (-17.0, -374.0)],
[(29, 40), (-17.0, -374.0)],
[(27, 34), (-107.0, -179.0)],
[(27, 34), (-107.0, -179.0)],
[(27, 34), (-107.0, -179.0)],
[(27, 34), (-107.0, -179.0)],
[(26, 38), (-135.0, -309.0)],
[(26, 38), (-135.0, -309.0)],
[(26, 39), (-113.0, -335.0)],
[(26, 39), (-113.0, -335.0)],
[(27, 40), (-104.0, -371.0)],
[(27, 40), (-104.0, -371.0)],
[(26, 39), (-128.0, -352.0)],
[(26, 39), (-128.0, -352.0)],
[(27, 40), (-89.0, -391.0)],
[(27, 40), (-89.0, -391.0)],
[(26, 42), (-125.0, -437.0)],
[(26, 42), (-125.0, -437.0)],
[(25, 42), (-158.0, -449.0)],
[(25, 42), (-158.0, -449.0)],
[(26, 43), (-129.0, -483.0)],
[(26, 43), (-129.0, -483.0)],
[(26, 43), (-129.0, -483.0)],
[(25, 43), (-150.0, -473.0)],
[(25, 43), (-150.0, -473.0)],
[(25, 43), (-179.0, -502.0)],
[(25, 43), (-179.0, -502.0)],
[(26, 44), (-112.0, -512.0)],
[(26, 44), (-112.0, -512.0)],
[(27, 45), (-83.0, -555.0)],
[(27, 45), (-83.0, -555.0)],
[(29, 44), (-15.0, -523.0)],
[(29, 44), (-15.0, -523.0)],
[(28, 43), (-57.0, -474.0)],
[(28, 41), (-57.0, -415.0)],
[(28, 41), (-57.0, -415.0)],
[(29, 45), (-19.0, -555.0)],
[(29, 45), (-19.0, -555.0)],
[(29, 45), (-19.0, -555.0)],
[(29, 45), (-19.0, -555.0)],
[(28, 46), (-57.0, -608.0)],
[(27, 48), (-97.0, -657.0)],
[(27, 48), (-97.0, -657.0)],
[(22, 41), (-255.0, -415.0)],
[(22, 41), (-255.0, -415.0)],
[(23, 41), (-234.0, -420.0)],
[(23, 41), (-234.0, -420.0)],
[(22, 42), (-256.0, -441.0)],
[(22, 42), (-256.0, -441.0)],
[(22, 42), (-270.0, -459.0)],
[(22, 42), (-270.0, -459.0)],
[(23, 43), (-234.0, -474.0)],
[(23, 43), (-234.0, -474.0)],
[(23, 37), (-246.0, -280.0)],
[(23, 37), (-246.0, -280.0)],
[(23, 38), (-222.0, -308.0)],
[(23, 38), (-222.0, -308.0)],
[(23, 39), (-219.0, -343.0)],
[(23, 39), (-219.0, -343.0)],
[(18, 38), (-426.0, -300.0)],
[(18, 38), (-426.0, -300.0)],
[(18, 38), (-422.0, -320.0)],
[(18, 38), (-422.0, -320.0)],
[(17, 41), (-454.0, -409.0)],
[(17, 41), (-454.0, -409.0)],
[(17, 42), (-454.0, -433.0)],
[(17, 42), (-454.0, -433.0)],
[(15, 42), (-539.0, -440.0)],
[(15, 42), (-539.0, -440.0)],
[(15, 43), (-533.0, -473.0)],
[(15, 43), (-533.0, -473.0)],
[(15, 43), (-515.0, -497.0)],
[(15, 43), (-515.0, -497.0)],
[(15, 43), (-535.0, -489.0)],
[(15, 43), (-535.0, -489.0)],
[(19, 44), (-394.0, -526.0)],
[(19, 44), (-394.0, -526.0)],
[(19, 45), (-388.0, -564.0)],
[(19, 45), (-388.0, -564.0)],
[(19, 46), (-369.0, -589.0)],
[(19, 46), (-369.0, -589.0)],
[(21, 45), (-303.0, -554.0)],
[(21, 45), (-303.0, -554.0)],
[(22, 45), (-273.0, -552.0)],
[(22, 45), (-273.0, -552.0)],
[(23, 46), (-246.0, -607.0)],
[(23, 46), (-246.0, -607.0)],
[(24, 47), (-215.0, -646.0)],
[(24, 47), (-215.0, -646.0)],
[(24, 48), (-191.0, -660.0)],
[(24, 48), (-191.0, -660.0)],
[(26, 48), (-141.0, -666.0)],
[(26, 48), (-141.0, -666.0)],
[(26, 48), (-113.0, -658.0)],
[(26, 48), (-113.0, -658.0)],
[(25, 46), (-169.0, -605.0)],
[(25, 46), (-169.0, -605.0)],
[(24, 45), (-193.0, -556.0)],
[(24, 45), (-193.0, -556.0)],
[(17, 43), (-445.0, -479.0)],
[(17, 43), (-445.0, -479.0)],
[(17, 43), (-445.0, -479.0)],
[(13, 44), (-594.0, -537.0)],
[(13, 44), (-594.0, -537.0)],
[(13, 44), (-595.0, -520.0)],
[(13, 44), (-595.0, -520.0)],
[(9, 42), (-743.0, -446.0)],
[(9, 42), (-743.0, -446.0)],
[(9, 43), (-722.0, -488.0)],
[(9, 43), (-722.0, -488.0)],
[(10, 44), (-704.0, -511.0)],
[(10, 44), (-704.0, -511.0)],
[(10, 44), (-689.0, -530.0)],
[(10, 44), (-689.0, -530.0)],
[(10, 45), (-688.0, -555.0)],
[(10, 45), (-688.0, -555.0)],
[(11, 46), (-662.0, -580.0)],
[(11, 46), (-662.0, -580.0)],
[(10, 45), (-711.0, -561.0)],
[(10, 45), (-711.0, -561.0)],
[(12, 47), (-622.0, -644.0)],
[(12, 47), (-622.0, -644.0)],
[(13, 48), (-608.0, -667.0)],
[(13, 48), (-608.0, -667.0)],
[(14, 46), (-549.0, -611.0)],
[(14, 46), (-549.0, -611.0)],
[(14, 46), (-549.0, -611.0)],
[(16, 45), (-483.0, -557.0)],
[(16, 45), (-483.0, -557.0)],
[(16, 44), (-481.0, -520.0)],
[(16, 44), (-481.0, -520.0)],
[(17, 43), (-435.0, -482.0)],
[(17, 43), (-435.0, -482.0)],
[(7, 43), (-799.0, -502.0)],
[(7, 43), (-799.0, -502.0)],
[(7, 44), (-798.0, -524.0)],
[(7, 44), (-798.0, -524.0)],
[(8, 45), (-783.0, -554.0)],
[(8, 45), (-783.0, -554.0)],
[(8, 45), (-783.0, -554.0)],
[(7, 45), (-801.0, -562.0)],
[(7, 45), (-801.0, -562.0)],
[(6, 41), (-842.0, -419.0)],
[(6, 41), (-842.0, -419.0)],
[(6, 42), (-844.0, -444.0)],
[(6, 42), (-844.0, -444.0)],
[(8, 40), (-783.0, -373.0)],
[(8, 40), (-783.0, -373.0)],
[(8, 40), (-783.0, -391.0)],
[(8, 40), (-783.0, -391.0)],
[(5, 39), (-894.0, -359.0)],
[(5, 39), (-894.0, -359.0)],
[(3, 38), (-953.0, -298.0)],
[(3, 38), (-953.0, -298.0)],
[(2, 39), (-992.0, -337.0)],
[(0, 40), (-1063.0, -383.0)],
[(0, 40), (-1063.0, -383.0)],
[(0, 41), (-1047.0, -402.0)],
[(0, 41), (-1047.0, -402.0)],
[(1, 41), (-1033.0, -426.0)],
[(1, 41), (-1033.0, -426.0)],
[(0, 42), (-1062.0, -440.0)],
[(0, 42), (-1062.0, -440.0)],
[(0, 42), (-1045.0, -453.0)],
[(0, 42), (-1045.0, -453.0)],
[(3, 41), (-947.0, -416.0)],
[(3, 41), (-947.0, -416.0)],
[(4, 42), (-930.0, -433.0)],
[(4, 42), (-930.0, -433.0)],
[(3, 42), (-948.0, -453.0)],
[(3, 42), (-948.0, -453.0)],
[(4, 43), (-915.0, -470.0)],
[(4, 43), (-915.0, -470.0)],
[(4, 43), (-913.0, -470.0)],
[(3, 43), (-947.0, -487.0)],
[(3, 43), (-947.0, -487.0)],
[(5, 44), (-890.0, -504.0)],
[(5, 44), (-890.0, -504.0)],
[(5, 44), (-888.0, -527.0)],
[(6, 46), (-850.0, -596.0)],
[(6, 47), (-842.0, -612.0)],
[(6, 47), (-842.0, -612.0)],
[(3, 46), (-939.0, -599.0)],
[(3, 46), (-939.0, -599.0)],
[(4, 47), (-927.0, -620.0)],
[(4, 47), (-927.0, -620.0)],
[(4, 48), (-912.0, -652.0)],
[(4, 48), (-912.0, -652.0)],
[(5, 48), (-893.0, -674.0)],
[(5, 49), (-880.0, -713.0)],
[(5, 49), (-880.0, -713.0)],
[(6, 51), (-842.0, -760.0)],
[(6, 51), (-842.0, -760.0)],
[(3, 50), (-956.0, -734.0)],
[(3, 50), (-956.0, -734.0)],
[(3, 51), (-945.0, -756.0)],
[(3, 51), (-945.0, -756.0)],
[(4, 52), (-927.0, -793.0)],
[(4, 52), (-927.0, -793.0)],
[(0, 50), (-1053.0, -731.0)],
[(0, 50), (-1053.0, -731.0)],
[(0, 51), (-1046.0, -757.0)],
[(0, 51), (-1046.0, -757.0)],
[(1, 51), (-1032.0, -790.0)],
[(1, 51), (-1032.0, -790.0)],
[(1, 52), (-1013.0, -817.0)],
[(3, 46), (-960.0, -602.0)],
[(0, 45), (-1062.0, -547.0)],
[(0, 45), (-1062.0, -547.0)],
[(0, 46), (-1058.0, -584.0)],
[(0, 46), (-1058.0, -584.0)],
[(1, 46), (-1030.0, -606.0)],
[(1, 46), (-1030.0, -606.0)],
[(2, 49), (-993.0, -691.0)],
[(8, 53), (-785.0, -835.0)],
[(8, 53), (-785.0, -835.0)],
[(8, 53), (-762.0, -841.0)],
[(8, 53), (-762.0, -841.0)],
[(10, 53), (-715.0, -844.0)],
[(10, 53), (-715.0, -844.0)],
[(11, 54), (-683.0, -882.0)],
[(11, 54), (-683.0, -882.0)],
[(8, 54), (-789.0, -879.0)],
[(8, 54), (-789.0, -879.0)],
[(6, 55), (-842.0, -925.0)],
[(6, 55), (-842.0, -925.0)],
[(6, 56), (-839.0, -968.0)],
[(6, 56), (-839.0, -968.0)],
[(7, 57), (-805.0, -1007.0)],
[(7, 57), (-805.0, -1007.0)],
[(11, 59), (-684.0, -1052.0)],
[(11, 59), (-684.0, -1052.0)],
[(10, 58), (-688.0, -1027.0)],
[(10, 58), (-688.0, -1027.0)],
[(13, 58), (-588.0, -1034.0)],
[(13, 58), (-588.0, -1034.0)],
[(15, 57), (-533.0, -972.0)],
[(15, 57), (-533.0, -972.0)],
[(14, 55), (-563.0, -918.0)],
[(14, 55), (-563.0, -918.0)],
[(13, 54), (-595.0, -870.0)],
[(13, 54), (-595.0, -870.0)],
[(13, 53), (-594.0, -845.0)],
[(13, 53), (-594.0, -845.0)],
[(15, 52), (-529.0, -817.0)],
[(15, 52), (-529.0, -817.0)],
[(15, 53), (-508.0, -846.0)],
[(15, 53), (-508.0, -846.0)],
[(16, 53), (-480.0, -849.0)],
[(16, 53), (-480.0, -849.0)],
[(16, 54), (-483.0, -890.0)],
[(16, 54), (-483.0, -890.0)],
[(19, 53), (-385.0, -848.0)],
[(19, 53), (-385.0, -848.0)],
[(18, 54), (-410.0, -870.0)],
[(18, 54), (-410.0, -870.0)],
[(19, 54), (-381.0, -873.0)],
[(19, 54), (-381.0, -873.0)],
[(19, 55), (-384.0, -902.0)],
[(19, 55), (-384.0, -902.0)],
[(20, 55), (-347.0, -929.0)],
[(20, 55), (-347.0, -929.0)],
[(21, 55), (-298.0, -902.0)],
[(21, 55), (-298.0, -902.0)],
[(22, 54), (-280.0, -879.0)],
[(22, 54), (-280.0, -879.0)],
[(22, 52), (-265.0, -799.0)],
[(22, 52), (-265.0, -799.0)],
[(22, 51), (-255.0, -772.0)],
[(22, 51), (-255.0, -772.0)],
[(23, 51), (-231.0, -790.0)],
[(23, 51), (-231.0, -790.0)],
[(25, 52), (-157.0, -821.0)],
[(25, 52), (-157.0, -821.0)],
[(26, 52), (-125.0, -825.0)],
[(26, 52), (-125.0, -825.0)],
[(27, 53), (-89.0, -851.0)],
[(27, 53), (-89.0, -851.0)],
[(24, 53), (-197.0, -849.0)],
[(24, 53), (-197.0, -849.0)],
[(25, 56), (-146.0, -955.0)],
[(25, 56), (-146.0, -955.0)],
[(26, 57), (-133.0, -986.0)],
[(26, 57), (-133.0, -986.0)],
[(27, 57), (-88.0, -987.0)],
[(27, 57), (-88.0, -987.0)],
[(28, 56), (-63.0, -969.0)],
[(28, 56), (-63.0, -969.0)],
[(27, 58), (-91.0, -1016.0)],
[(27, 58), (-91.0, -1016.0)],
[(26, 58), (-137.0, -1022.0)],
[(26, 58), (-137.0, -1022.0)],
[(27, 59), (-93.0, -1058.0)],
[(27, 59), (-93.0, -1058.0)],
[(29, 59), (-16.0, -1046.0)],
[(29, 59), (-16.0, -1046.0)],
[(29, 54), (-14.0, -875.0)],
[(29, 54), (-14.0, -875.0)],
[(29, 53), (-17.0, -844.0)],
[(29, 53), (-17.0, -844.0)],
[(29, 49), (-22.0, -718.0)],
[(29, 49), (-22.0, -718.0)],
[(29, 48), (-14.0, -667.0)],
[(29, 48), (-14.0, -667.0)],
[(27, 49), (-97.0, -689.0)],
[(27, 49), (-97.0, -689.0)],
[(24, 49), (-194.0, -686.0)],
[(24, 49), (-194.0, -686.0)],
[(24, 49), (-197.0, -718.0)],
[(21, 50), (-299.0, -723.0)],
[(21, 50), (-299.0, -723.0)],
[(18, 49), (-410.0, -692.0)],
[(18, 49), (-410.0, -692.0)],
[(18, 48), (-432.0, -664.0)],
[(18, 48), (-432.0, -664.0)],
[(20, 46), (-340.0, -610.0)],
[(20, 46), (-340.0, -610.0)],
[(23, 47), (-237.0, -628.0)],
[(23, 47), (-237.0, -628.0)],
[(11, 51), (-650.0, -774.0)],
[(11, 51), (-650.0, -774.0)],
[(11, 50), (-667.0, -746.0)],
[(11, 50), (-667.0, -746.0)],
[(11, 50), (-676.0, -723.0)],
[(11, 50), (-676.0, -723.0)],
[(10, 49), (-691.0, -710.0)],
[(10, 49), (-691.0, -710.0)],
[(10, 48), (-702.0, -680.0)],
[(10, 48), (-702.0, -680.0)],
[(9, 48), (-723.0, -667.0)],
[(9, 48), (-723.0, -667.0)],
[(4, 56), (-932.0, -952.0)],
[(4, 56), (-932.0, -952.0)],
[(3, 57), (-939.0, -978.0)],
[(3, 57), (-939.0, -978.0)],
[(4, 57), (-918.0, -1001.0)],
[(4, 57), (-918.0, -1001.0)],
[(2, 55), (-974.0, -928.0)],
[(2, 55), (-974.0, -928.0)],
[(1, 55), (-1037.0, -928.0)],
[(1, 55), (-1037.0, -928.0)],
[(0, 54), (-1064.0, -883.0)],
[(0, 54), (-1064.0, -883.0)],
[(2, 54), (-987.0, -874.0)],
[(2, 53), (-1001.0, -847.0)],
[(1, 58), (-1037.0, -1015.0)],
[(0, 58), (-1067.0, -1043.0)],
[(0, 58), (-1067.0, -1043.0)],
[(1, 59), (-1042.0, -1072.0)],
[(1, 59), (-1042.0, -1072.0)],
[(2, 59), (-978.0, -1059.0)],
[(2, 59), (-978.0, -1059.0)],
[(3, 59), (-958.0, -1065.0)],
[(3, 59), (-958.0, -1065.0)],
[(5, 59), (-870.0, -1070.0)],
[(5, 59), (-870.0, -1070.0)],
[(8, 59), (-780.0, -1064.0)],
[(8, 59), (-780.0, -1064.0)],
[(8, 58), (-781.0, -1032.0)],
[(8, 58), (-781.0, -1032.0)],
[(16, 59), (-493.0, -1047.0)],
[(16, 59), (-493.0, -1047.0)],
[(18, 57), (-420.0, -992.0)],
[(18, 57), (-420.0, -992.0)],
[(18, 58), (-408.0, -1018.0)],
[(18, 58), (-408.0, -1018.0)],
[(20, 59), (-351.0, -1071.0)],
[(20, 59), (-351.0, -1071.0)],
[(19, 59), (-379.0, -1071.0)],
[(19, 59), (-379.0, -1071.0)],
[(21, 58), (-300.0, -1040.0)],
[(21, 58), (-300.0, -1040.0)],
[(24, 59), (-190.0, -1070.0)],
[(24, 59), (-190.0, -1070.0)],
[(23, 57), (-239.0, -994.0)],
[(23, 57), (-239.0, -994.0)],
[(23, 56), (-236.0, -965.0)],
[(23, 56), (-236.0, -965.0)],
[(22, 55), (-275.0, -934.0)],
[(22, 55), (-275.0, -934.0)],
[(27, 59), (-102.0, -1070.0)],
[(27, 59), (-102.0, -1070.0)],
[(27, 54), (-91.0, -877.0)],
[(27, 54), (-91.0, -877.0)],
[(28, 50), (-42.0, -741.0)],
[(27, 49), (-94.0, -713.0)],
[(27, 49), (-94.0, -713.0)],
[(16, 49), (-491.0, -719.0)],
[(16, 49), (-491.0, -719.0)],
[(12, 51), (-642.0, -790.0)],
[(12, 51), (-642.0, -790.0)],
[(17, 47), (-441.0, -629.0)],
[(14, 47), (-543.0, -622.0)],
[(19, 40), (-377.0, -381.0)],
[(16, 45), (-483.0, -570.0)],
[(18, 40), (-410.0, -369.0)],
[(12, 42), (-634.0, -452.0)],
[(12, 42), (-634.0, -452.0)],
[(12, 41), (-643.0, -417.0)],
[(12, 41), (-644.0, -417.0)],
[(12, 41), (-644.0, -417.0)],
[(57, 0), (984.0, 1076.0)],
[(57, 0), (984.0, 1076.0)],
[(56, 0), (952.0, 1074.0)],
[(56, 0), (952.0, 1074.0)],
[(56, 0), (967.0, 1052.0)],
[(56, 0), (967.0, 1052.0)],
[(53, 0), (861.0, 1071.0)],
[(53, 0), (861.0, 1071.0)],
[(54, 0), (874.0, 1046.0)],
[(54, 0), (874.0, 1046.0)],
[(53, 0), (843.0, 1046.0)],
[(53, 0), (843.0, 1046.0)],
[(51, 1), (787.0, 1015.0)],
[(51, 1), (787.0, 1015.0)],
[(52, 2), (810.0, 1004.0)],
[(52, 2), (810.0, 1004.0)],
[(52, 2), (810.0, 1004.0)],
[(52, 2), (810.0, 1004.0)],
[(49, 1), (704.0, 1017.0)],
[(49, 1), (704.0, 1017.0)],
[(50, 2), (723.0, 1002.0)],
[(50, 2), (723.0, 1002.0)],
[(48, 1), (676.0, 1037.0)],
[(48, 1), (676.0, 1037.0)],
[(48, 0), (660.0, 1070.0)],
[(48, 0), (660.0, 1070.0)],
[(46, 0), (596.0, 1063.0)],
[(46, 0), (596.0, 1063.0)],
[(46, 0), (577.0, 1076.0)],
[(46, 0), (577.0, 1076.0)],
[(45, 0), (560.0, 1052.0)],
[(45, 0), (560.0, 1052.0)],
[(46, 1), (581.0, 1033.0)],
[(46, 1), (581.0, 1033.0)],
[(47, 1), (644.0, 1011.0)],
[(47, 1), (644.0, 1011.0)],
[(50, 2), (720.0, 1000.0)],
[(50, 2), (720.0, 1000.0)],
[(50, 2), (749.0, 980.0)],
[(50, 2), (749.0, 980.0)],
[(50, 3), (745.0, 956.0)],
[(50, 3), (745.0, 956.0)],
[(46, 5), (589.0, 900.0)],
[(46, 5), (589.0, 900.0)],
[(45, 4), (569.0, 917.0)],
[(45, 4), (569.0, 917.0)],
[(45, 5), (562.0, 885.0)],
[(45, 5), (562.0, 885.0)],
[(45, 5), (566.0, 898.0)],
[(45, 5), (566.0, 898.0)],
[(45, 5), (566.0, 899.0)],
[(45, 3), (542.0, 962.0)],
[(45, 3), (542.0, 962.0)],
[(43, 1), (480.0, 1028.0)],
[(43, 1), (480.0, 1028.0)],
[(43, 0), (469.0, 1046.0)],
[(43, 0), (469.0, 1046.0)],
[(42, 0), (458.0, 1072.0)],
[(42, 0), (458.0, 1072.0)],
[(40, 0), (374.0, 1069.0)],
[(40, 0), (374.0, 1069.0)],
[(40, 1), (377.0, 1039.0)],
[(40, 1), (377.0, 1039.0)],
[(40, 1), (393.0, 1029.0)],
[(40, 1), (393.0, 1029.0)],
[(41, 2), (428.0, 982.0)],
[(41, 2), (428.0, 982.0)],
[(42, 2), (447.0, 993.0)],
[(42, 2), (447.0, 993.0)],
[(42, 3), (441.0, 951.0)],
[(42, 3), (441.0, 951.0)],
[(42, 4), (466.0, 929.0)],
[(42, 4), (466.0, 929.0)],
[(42, 4), (451.0, 927.0)],
[(42, 4), (451.0, 927.0)],
[(43, 5), (485.0, 873.0)],
[(43, 5), (485.0, 873.0)],
[(43, 5), (486.0, 900.0)],
[(43, 5), (486.0, 900.0)],
[(38, 5), (288.0, 876.0)],
[(38, 5), (288.0, 876.0)],
[(38, 5), (288.0, 876.0)],
[(36, 6), (241.0, 864.0)],
[(36, 6), (241.0, 864.0)],
[(37, 6), (262.0, 848.0)],
[(37, 6), (262.0, 848.0)],
[(38, 6), (292.0, 844.0)],
[(38, 6), (292.0, 844.0)],
[(36, 7), (241.0, 824.0)],
[(36, 7), (241.0, 824.0)],
[(36, 7), (244.0, 797.0)],
[(36, 7), (244.0, 797.0)],
[(37, 9), (275.0, 744.0)],
[(37, 9), (275.0, 744.0)],
[(39, 7), (333.0, 796.0)],
[(39, 7), (333.0, 796.0)],
[(40, 5), (377.0, 899.0)],
[(40, 5), (377.0, 899.0)],
[(39, 4), (359.0, 908.0)],
[(39, 4), (359.0, 908.0)],
[(41, 6), (414.0, 852.0)],
[(41, 6), (414.0, 852.0)],
[(41, 7), (421.0, 816.0)],
[(41, 7), (421.0, 816.0)],
[(42, 8), (454.0, 764.0)],
[(42, 8), (454.0, 764.0)],
[(43, 9), (472.0, 738.0)],
[(43, 9), (472.0, 738.0)],
[(34, 0), (172.0, 1077.0)],
[(34, 0), (172.0, 1077.0)],
[(35, 0), (187.0, 1059.0)],
[(35, 0), (187.0, 1059.0)],
[(35, 1), (204.0, 1038.0)],
[(35, 1), (204.0, 1038.0)],
[(35, 1), (206.0, 1031.0)],
[(35, 1), (206.0, 1031.0)],
[(37, 0), (278.0, 1068.0)],
[(37, 0), (278.0, 1068.0)],
[(38, 2), (305.0, 1008.0)],
[(38, 2), (305.0, 1008.0)],
[(39, 2), (337.0, 984.0)],
[(39, 2), (337.0, 984.0)],
[(39, 3), (338.0, 955.0)],
[(39, 3), (338.0, 955.0)],
[(39, 4), (340.0, 926.0)],
[(39, 4), (340.0, 926.0)],
[(36, 1), (241.0, 1014.0)],
[(36, 1), (241.0, 1014.0)],
[(36, 2), (236.0, 982.0)],
[(36, 2), (236.0, 982.0)],
[(36, 3), (237.0, 954.0)],
[(36, 3), (237.0, 954.0)],
[(33, 2), (131.0, 982.0)],
[(33, 2), (131.0, 982.0)],
[(34, 3), (149.0, 957.0)],
[(34, 3), (149.0, 957.0)],
[(34, 4), (171.0, 935.0)],
[(34, 4), (171.0, 935.0)],
[(34, 4), (179.0, 909.0)],
[(34, 4), (179.0, 909.0)],
[(33, 3), (124.0, 954.0)],
[(33, 3), (124.0, 954.0)],
[(32, 4), (87.0, 905.0)],
[(32, 4), (87.0, 905.0)],
[(32, 0), (92.0, 1067.0)],
[(32, 0), (92.0, 1067.0)],
[(32, 1), (80.0, 1033.0)],
[(32, 1), (80.0, 1033.0)],
[(31, 1), (43.0, 1009.0)],
[(31, 1), (43.0, 1009.0)],
[(30, 1), (21.0, 1011.0)],
[(30, 1), (21.0, 1011.0)],
[(31, 2), (51.0, 976.0)],
[(31, 2), (51.0, 976.0)],
[(30, 3), (18.0, 960.0)],
[(30, 3), (18.0, 960.0)],
[(30, 2), (17.0, 976.0)],
[(30, 2), (17.0, 976.0)],
[(32, 5), (84.0, 878.0)],
[(32, 5), (84.0, 878.0)],
[(32, 6), (78.0, 855.0)],
[(32, 6), (78.0, 855.0)],
[(30, 6), (28.0, 848.0)],
[(30, 6), (28.0, 848.0)],
[(30, 6), (28.0, 848.0)],
[(31, 6), (65.0, 829.0)],
[(31, 6), (65.0, 829.0)],
[(30, 7), (26.0, 822.0)],
[(30, 7), (26.0, 822.0)],
[(30, 7), (27.0, 822.0)],
[(31, 7), (45.0, 794.0)],
[(31, 7), (45.0, 794.0)],
[(34, 7), (149.0, 793.0)],
[(34, 7), (149.0, 793.0)],
[(34, 8), (172.0, 761.0)],
[(34, 8), (172.0, 761.0)],
[(35, 9), (188.0, 729.0)],
[(35, 9), (188.0, 729.0)],
[(40, 9), (382.0, 726.0)],
[(40, 9), (382.0, 726.0)],
[(40, 10), (391.0, 706.0)],
[(40, 10), (391.0, 706.0)],
[(43, 10), (475.0, 713.0)],
[(43, 10), (475.0, 713.0)],
[(43, 10), (491.0, 705.0)],
[(43, 10), (491.0, 705.0)],
[(44, 8), (533.0, 789.0)],
[(44, 8), (533.0, 789.0)],
[(46, 9), (582.0, 746.0)],
[(46, 9), (582.0, 746.0)],
[(46, 10), (595.0, 716.0)],
[(46, 10), (595.0, 716.0)],
[(45, 10), (571.0, 713.0)],
[(45, 10), (571.0, 713.0)],
[(48, 6), (678.0, 846.0)],
[(48, 6), (678.0, 846.0)],
[(50, 6), (753.0, 850.0)],
[(50, 6), (753.0, 850.0)],
[(51, 10), (763.0, 699.0)],
[(51, 10), (763.0, 699.0)],
[(51, 10), (776.0, 695.0)],
[(51, 10), (776.0, 695.0)],
[(51, 10), (784.0, 685.0)],
[(51, 10), (784.0, 685.0)],
[(50, 11), (752.0, 658.0)],
[(50, 11), (752.0, 658.0)],
[(51, 9), (772.0, 744.0)],
[(51, 9), (772.0, 744.0)],
[(50, 7), (726.0, 823.0)],
[(50, 7), (726.0, 823.0)],
[(49, 7), (690.0, 825.0)],
[(49, 7), (690.0, 825.0)],
[(49, 5), (693.0, 882.0)],
[(49, 5), (693.0, 882.0)],
[(53, 3), (842.0, 956.0)],
[(53, 3), (842.0, 956.0)],
[(54, 4), (874.0, 934.0)],
[(54, 4), (874.0, 934.0)],
[(53, 4), (852.0, 924.0)],
[(53, 4), (852.0, 924.0)],
[(54, 4), (897.0, 905.0)],
[(54, 4), (897.0, 905.0)],
[(56, 3), (940.0, 941.0)],
[(56, 3), (940.0, 941.0)],
[(55, 2), (924.0, 976.0)],
[(55, 2), (924.0, 976.0)],
[(57, 1), (1003.0, 1013.0)],
[(57, 1), (1003.0, 1013.0)],
[(59, 1), (1061.0, 1034.0)],
[(59, 1), (1061.0, 1034.0)],
[(59, 0), (1059.0, 1062.0)],
[(59, 0), (1059.0, 1062.0)],
[(59, 5), (1055.0, 895.0)],
[(59, 5), (1055.0, 895.0)],
[(59, 5), (1066.0, 899.0)],
[(59, 5), (1066.0, 899.0)],
[(58, 3), (1024.0, 957.0)],
[(58, 3), (1024.0, 957.0)],
[(57, 6), (993.0, 849.0)],
[(57, 6), (993.0, 849.0)],
[(58, 7), (1025.0, 797.0)],
[(58, 7), (1025.0, 797.0)],
[(59, 9), (1061.0, 739.0)],
[(59, 9), (1061.0, 739.0)],
[(59, 10), (1063.0, 706.0)],
[(59, 10), (1063.0, 706.0)],
[(57, 4), (973.0, 901.0)],
[(57, 4), (973.0, 901.0)],
[(57, 4), (973.0, 901.0)],
[(57, 4), (973.0, 901.0)],
[(56, 8), (945.0, 771.0)],
[(56, 8), (945.0, 771.0)],
[(56, 9), (967.0, 745.0)],
[(56, 9), (967.0, 745.0)],
[(57, 10), (976.0, 709.0)],
[(57, 10), (976.0, 709.0)],
[(56, 9), (952.0, 728.0)],
[(56, 9), (952.0, 728.0)],
[(57, 10), (991.0, 689.0)],
[(57, 10), (991.0, 689.0)],
[(56, 12), (955.0, 643.0)],
[(56, 12), (955.0, 643.0)],
[(55, 12), (922.0, 631.0)],
[(55, 12), (922.0, 631.0)],
[(56, 13), (951.0, 597.0)],
[(56, 13), (951.0, 597.0)],
[(56, 13), (951.0, 597.0)],
[(55, 13), (930.0, 607.0)],
[(55, 13), (930.0, 607.0)],
[(55, 13), (901.0, 578.0)],
[(55, 13), (901.0, 578.0)],
[(56, 14), (968.0, 568.0)],
[(56, 14), (968.0, 568.0)],
[(57, 15), (997.0, 525.0)],
[(57, 15), (997.0, 525.0)],
[(59, 14), (1065.0, 557.0)],
[(59, 14), (1065.0, 557.0)],
[(58, 13), (1023.0, 606.0)],
[(58, 11), (1023.0, 665.0)],
[(58, 11), (1023.0, 665.0)],
[(59, 15), (1061.0, 525.0)],
[(59, 15), (1061.0, 525.0)],
[(59, 15), (1061.0, 525.0)],
[(59, 15), (1061.0, 525.0)],
[(58, 16), (1023.0, 472.0)],
[(57, 18), (983.0, 423.0)],
[(57, 18), (983.0, 423.0)],
[(52, 11), (825.0, 665.0)],
[(52, 11), (825.0, 665.0)],
[(53, 11), (846.0, 660.0)],
[(53, 11), (846.0, 660.0)],
[(52, 12), (824.0, 639.0)],
[(52, 12), (824.0, 639.0)],
[(52, 12), (810.0, 621.0)],
[(52, 12), (810.0, 621.0)],
[(53, 13), (846.0, 606.0)],
[(53, 13), (846.0, 606.0)],
[(53, 7), (834.0, 800.0)],
[(53, 7), (834.0, 800.0)],
[(53, 8), (858.0, 772.0)],
[(53, 8), (858.0, 772.0)],
[(53, 9), (861.0, 737.0)],
[(53, 9), (861.0, 737.0)],
[(48, 8), (654.0, 780.0)],
[(48, 8), (654.0, 780.0)],
[(48, 8), (658.0, 760.0)],
[(48, 8), (658.0, 760.0)],
[(47, 11), (626.0, 671.0)],
[(47, 11), (626.0, 671.0)],
[(47, 12), (626.0, 647.0)],
[(47, 12), (626.0, 647.0)],
[(45, 12), (541.0, 640.0)],
[(45, 12), (541.0, 640.0)],
[(45, 13), (547.0, 607.0)],
[(45, 13), (547.0, 607.0)],
[(45, 13), (565.0, 583.0)],
[(45, 13), (565.0, 583.0)],
[(45, 13), (545.0, 591.0)],
[(45, 13), (545.0, 591.0)],
[(49, 14), (686.0, 554.0)],
[(49, 14), (686.0, 554.0)],
[(49, 15), (692.0, 516.0)],
[(49, 15), (692.0, 516.0)],
[(49, 16), (711.0, 491.0)],
[(49, 16), (711.0, 491.0)],
[(51, 15), (777.0, 526.0)],
[(51, 15), (777.0, 526.0)],
[(52, 15), (807.0, 528.0)],
[(52, 15), (807.0, 528.0)],
[(53, 16), (834.0, 473.0)],
[(53, 16), (834.0, 473.0)],
[(54, 17), (865.0, 434.0)],
[(54, 17), (865.0, 434.0)],
[(54, 18), (889.0, 420.0)],
[(54, 18), (889.0, 420.0)],
[(56, 18), (939.0, 414.0)],
[(56, 18), (939.0, 414.0)],
[(56, 18), (967.0, 422.0)],
[(56, 18), (967.0, 422.0)],
[(55, 16), (911.0, 475.0)],
[(55, 16), (911.0, 475.0)],
[(54, 15), (887.0, 524.0)],
[(54, 15), (887.0, 524.0)],
[(47, 13), (635.0, 601.0)],
[(47, 13), (635.0, 601.0)],
[(47, 13), (635.0, 601.0)],
[(43, 14), (486.0, 543.0)],
[(43, 14), (486.0, 543.0)],
[(43, 14), (485.0, 560.0)],
[(43, 14), (485.0, 560.0)],
[(39, 12), (337.0, 634.0)],
[(39, 12), (337.0, 634.0)],
[(39, 13), (358.0, 592.0)],
[(39, 13), (358.0, 592.0)],
[(40, 14), (376.0, 569.0)],
[(40, 14), (376.0, 569.0)],
[(40, 14), (391.0, 550.0)],
[(40, 14), (391.0, 550.0)],
[(40, 15), (392.0, 525.0)],
[(40, 15), (392.0, 525.0)],
[(41, 16), (418.0, 500.0)],
[(41, 16), (418.0, 500.0)],
[(40, 15), (369.0, 519.0)],
[(40, 15), (369.0, 519.0)],
[(42, 17), (458.0, 436.0)],
[(42, 17), (458.0, 436.0)],
[(43, 18), (472.0, 413.0)],
[(43, 18), (472.0, 413.0)],
[(44, 16), (531.0, 469.0)],
[(44, 16), (531.0, 469.0)],
[(44, 16), (531.0, 469.0)],
[(46, 15), (597.0, 523.0)],
[(46, 15), (597.0, 523.0)],
[(46, 14), (599.0, 560.0)],
[(46, 14), (599.0, 560.0)],
[(47, 13), (645.0, 598.0)],
[(47, 13), (645.0, 598.0)],
[(37, 13), (281.0, 578.0)],
[(37, 13), (281.0, 578.0)],
[(37, 14), (282.0, 556.0)],
[(37, 14), (282.0, 556.0)],
[(38, 15), (297.0, 526.0)],
[(38, 15), (297.0, 526.0)],
[(38, 15), (297.0, 526.0)],
[(37, 15), (279.0, 518.0)],
[(37, 15), (279.0, 518.0)],
[(36, 11), (238.0, 661.0)],
[(36, 11), (238.0, 661.0)],
[(36, 12), (236.0, 636.0)],
[(36, 12), (236.0, 636.0)],
[(38, 10), (297.0, 707.0)],
[(38, 10), (297.0, 707.0)],
[(38, 10), (297.0, 689.0)],
[(38, 10), (297.0, 689.0)],
[(35, 9), (186.0, 721.0)],
[(35, 9), (186.0, 721.0)],
[(33, 8), (127.0, 782.0)],
[(33, 8), (127.0, 782.0)],
[(32, 9), (88.0, 743.0)],
[(30, 10), (17.0, 697.0)],
[(30, 10), (17.0, 697.0)],
[(30, 11), (33.0, 678.0)],
[(30, 11), (33.0, 678.0)],
[(31, 11), (47.0, 654.0)],
[(31, 11), (47.0, 654.0)],
[(30, 12), (18.0, 640.0)],
[(30, 12), (18.0, 640.0)],
[(30, 12), (35.0, 627.0)],
[(30, 12), (35.0, 627.0)],
[(33, 11), (133.0, 664.0)],
[(33, 11), (133.0, 664.0)],
[(34, 12), (150.0, 647.0)],
[(34, 12), (150.0, 647.0)],
[(33, 12), (132.0, 627.0)],
[(33, 12), (132.0, 627.0)],
[(34, 13), (165.0, 610.0)],
[(34, 13), (165.0, 610.0)],
[(34, 13), (167.0, 610.0)],
[(33, 13), (133.0, 593.0)],
[(33, 13), (133.0, 593.0)],
[(35, 14), (190.0, 576.0)],
[(35, 14), (190.0, 576.0)],
[(35, 14), (192.0, 553.0)],
[(36, 16), (230.0, 484.0)],
[(36, 17), (238.0, 468.0)],
[(36, 17), (238.0, 468.0)],
[(33, 16), (141.0, 481.0)],
[(33, 16), (141.0, 481.0)],
[(34, 17), (153.0, 460.0)],
[(34, 17), (153.0, 460.0)],
[(34, 18), (168.0, 428.0)],
[(34, 18), (168.0, 428.0)],
[(35, 18), (187.0, 406.0)],
[(35, 19), (200.0, 367.0)],
[(35, 19), (200.0, 367.0)],
[(36, 21), (238.0, 320.0)],
[(36, 21), (238.0, 320.0)],
[(33, 20), (124.0, 346.0)],
[(33, 20), (124.0, 346.0)],
[(33, 21), (135.0, 324.0)],
[(33, 21), (135.0, 324.0)],
[(34, 22), (153.0, 287.0)],
[(34, 22), (153.0, 287.0)],
[(30, 20), (27.0, 349.0)],
[(30, 20), (27.0, 349.0)],
[(30, 21), (34.0, 323.0)],
[(30, 21), (34.0, 323.0)],
[(31, 21), (48.0, 290.0)],
[(31, 21), (48.0, 290.0)],
[(31, 22), (67.0, 263.0)],
[(33, 16), (120.0, 478.0)],
[(30, 15), (18.0, 533.0)],
[(30, 15), (18.0, 533.0)],
[(30, 16), (22.0, 496.0)],
[(30, 16), (22.0, 496.0)],
[(31, 16), (50.0, 474.0)],
[(31, 16), (50.0, 474.0)],
[(32, 19), (87.0, 389.0)],
[(38, 23), (295.0, 245.0)],
[(38, 23), (295.0, 245.0)],
[(38, 23), (318.0, 239.0)],
[(38, 23), (318.0, 239.0)],
[(40, 23), (365.0, 236.0)],
[(40, 23), (365.0, 236.0)],
[(41, 24), (397.0, 198.0)],
[(41, 24), (397.0, 198.0)],
[(38, 24), (291.0, 201.0)],
[(38, 24), (291.0, 201.0)],
[(36, 25), (238.0, 155.0)],
[(36, 25), (238.0, 155.0)],
[(36, 26), (241.0, 112.0)],
[(36, 26), (241.0, 112.0)],
[(37, 27), (275.0, 73.0)],
[(37, 27), (275.0, 73.0)],
[(41, 29), (396.0, 28.0)],
[(41, 29), (396.0, 28.0)],
[(40, 28), (392.0, 53.0)],
[(40, 28), (392.0, 53.0)],
[(43, 28), (492.0, 46.0)],
[(43, 28), (492.0, 46.0)],
[(45, 27), (547.0, 108.0)],
[(45, 27), (547.0, 108.0)],
[(44, 25), (517.0, 162.0)],
[(44, 25), (517.0, 162.0)],
[(43, 24), (485.0, 210.0)],
[(43, 24), (485.0, 210.0)],
[(43, 23), (486.0, 235.0)],
[(43, 23), (486.0, 235.0)],
[(45, 22), (551.0, 263.0)],
[(45, 22), (551.0, 263.0)],
[(45, 23), (572.0, 234.0)],
[(45, 23), (572.0, 234.0)],
[(46, 23), (600.0, 231.0)],
[(46, 23), (600.0, 231.0)],
[(46, 24), (597.0, 190.0)],
[(46, 24), (597.0, 190.0)],
[(49, 23), (695.0, 232.0)],
[(49, 23), (695.0, 232.0)],
[(48, 24), (670.0, 210.0)],
[(48, 24), (670.0, 210.0)],
[(49, 24), (699.0, 207.0)],
[(49, 24), (699.0, 207.0)],
[(49, 25), (696.0, 178.0)],
[(49, 25), (696.0, 178.0)],
[(50, 25), (733.0, 151.0)],
[(50, 25), (733.0, 151.0)],
[(51, 25), (782.0, 178.0)],
[(51, 25), (782.0, 178.0)],
[(52, 24), (800.0, 201.0)],
[(52, 24), (800.0, 201.0)],
[(52, 22), (815.0, 281.0)],
[(52, 22), (815.0, 281.0)],
[(52, 21), (825.0, 308.0)],
[(52, 21), (825.0, 308.0)],
[(53, 21), (849.0, 290.0)],
[(53, 21), (849.0, 290.0)],
[(55, 22), (923.0, 259.0)],
[(55, 22), (923.0, 259.0)],
[(56, 22), (955.0, 255.0)],
[(56, 22), (955.0, 255.0)],
[(57, 23), (991.0, 229.0)],
[(57, 23), (991.0, 229.0)],
[(54, 23), (883.0, 231.0)],
[(54, 23), (883.0, 231.0)],
[(55, 26), (934.0, 125.0)],
[(55, 26), (934.0, 125.0)],
[(56, 27), (947.0, 94.0)],
[(56, 27), (947.0, 94.0)],
[(57, 27), (992.0, 93.0)],
[(57, 27), (992.0, 93.0)],
[(58, 26), (1017.0, 111.0)],
[(58, 26), (1017.0, 111.0)],
[(57, 28), (989.0, 64.0)],
[(57, 28), (989.0, 64.0)],
[(56, 28), (943.0, 58.0)],
[(56, 28), (943.0, 58.0)],
[(57, 29), (987.0, 22.0)],
[(57, 29), (987.0, 22.0)],
[(59, 29), (1064.0, 34.0)],
[(59, 29), (1064.0, 34.0)],
[(59, 24), (1066.0, 205.0)],
[(59, 24), (1066.0, 205.0)],
[(59, 23), (1063.0, 236.0)],
[(59, 23), (1063.0, 236.0)],
[(59, 19), (1058.0, 362.0)],
[(59, 19), (1058.0, 362.0)],
[(59, 18), (1066.0, 413.0)],
[(59, 18), (1066.0, 413.0)],
[(57, 19), (983.0, 391.0)],
[(57, 19), (983.0, 391.0)],
[(54, 19), (886.0, 394.0)],
[(54, 19), (886.0, 394.0)],
[(54, 19), (883.0, 362.0)],
[(51, 20), (781.0, 357.0)],
[(51, 20), (781.0, 357.0)],
[(48, 19), (670.0, 388.0)],
[(48, 19), (670.0, 388.0)],
[(48, 18), (648.0, 416.0)],
[(48, 18), (648.0, 416.0)],
[(50, 16), (740.0, 470.0)],
[(50, 16), (740.0, 470.0)],
[(53, 17), (843.0, 452.0)],
[(53, 17), (843.0, 452.0)],
[(41, 21), (430.0, 306.0)],
[(41, 21), (430.0, 306.0)],
[(41, 20), (413.0, 334.0)],
[(41, 20), (413.0, 334.0)],
[(41, 20), (404.0, 357.0)],
[(41, 20), (404.0, 357.0)],
[(40, 19), (389.0, 370.0)],
[(40, 19), (389.0, 370.0)],
[(40, 18), (378.0, 400.0)],
[(40, 18), (378.0, 400.0)],
[(39, 18), (357.0, 413.0)],
[(39, 18), (357.0, 413.0)],
[(34, 26), (148.0, 128.0)],
[(34, 26), (148.0, 128.0)],
[(33, 27), (141.0, 102.0)],
[(33, 27), (141.0, 102.0)],
[(34, 27), (162.0, 79.0)],
[(34, 27), (162.0, 79.0)],
[(32, 25), (106.0, 152.0)],
[(32, 25), (106.0, 152.0)],
[(31, 25), (43.0, 152.0)],
[(31, 25), (43.0, 152.0)],
[(30, 24), (16.0, 197.0)],
[(30, 24), (16.0, 197.0)],
[(32, 24), (93.0, 206.0)],
[(32, 23), (79.0, 233.0)],
[(31, 28), (43.0, 65.0)],
[(30, 28), (13.0, 37.0)],
[(30, 28), (13.0, 37.0)],
[(31, 29), (38.0, 8.0)],
[(31, 29), (38.0, 8.0)],
[(32, 29), (102.0, 21.0)],
[(32, 29), (102.0, 21.0)],
[(33, 29), (122.0, 15.0)],
[(33, 29), (122.0, 15.0)],
[(35, 29), (210.0, 10.0)],
[(35, 29), (210.0, 10.0)],
[(38, 29), (300.0, 16.0)],
[(38, 29), (300.0, 16.0)],
[(38, 28), (299.0, 48.0)],
[(38, 28), (299.0, 48.0)],
[(46, 29), (587.0, 33.0)],
[(46, 29), (587.0, 33.0)],
[(48, 27), (660.0, 88.0)],
[(48, 27), (660.0, 88.0)],
[(48, 28), (672.0, 62.0)],
[(48, 28), (672.0, 62.0)],
[(50, 29), (729.0, 9.0)],
[(50, 29), (729.0, 9.0)],
[(49, 29), (701.0, 9.0)],
[(49, 29), (701.0, 9.0)],
[(51, 28), (780.0, 40.0)],
[(51, 28), (780.0, 40.0)],
[(54, 29), (890.0, 10.0)],
[(54, 29), (890.0, 10.0)],
[(53, 27), (841.0, 86.0)],
[(53, 27), (841.0, 86.0)],
[(53, 26), (844.0, 115.0)],
[(53, 26), (844.0, 115.0)],
[(52, 25), (805.0, 146.0)],
[(52, 25), (805.0, 146.0)],
[(57, 29), (978.0, 10.0)],
[(57, 29), (978.0, 10.0)],
[(57, 24), (989.0, 203.0)],
[(57, 24), (989.0, 203.0)],
[(58, 20), (1038.0, 339.0)],
[(57, 19), (986.0, 367.0)],
[(57, 19), (986.0, 367.0)],
[(46, 19), (589.0, 361.0)],
[(46, 19), (589.0, 361.0)],
[(42, 21), (438.0, 290.0)],
[(42, 21), (438.0, 290.0)],
[(47, 17), (639.0, 451.0)],
[(44, 17), (537.0, 458.0)],
[(49, 10), (703.0, 699.0)],
[(46, 15), (597.0, 510.0)],
[(48, 10), (670.0, 711.0)],
[(42, 12), (446.0, 628.0)],
[(42, 12), (446.0, 628.0)],
[(42, 11), (437.0, 663.0)],
[(42, 11), (436.0, 663.0)],
[(42, 11), (436.0, 663.0)],
]