[[(2, 0), (-140.0, 210.0)],
[(2, 0), (-140.0, 210.0)],
[(2, 0), (-111.0, 193.0)],
[(2, 0), (-111.0, 193.0)],
[(2, 1), (-141.0, 175.0)],
[(2, 1), (-141.0, 175.0)],
[(2, 1), (-141.0, 175.0)],
[(1, 1), (-173.0, 160.0)],
[(1, 1), (-173.0, 160.0)],
[(1, 1), (-173.0, 160.0)],
[(1, 2), (-179.0, 125.0)],
[(1, 2), (-179.0, 125.0)],
[(0, 3), (-201.0, 91.0)],
[(0, 3), (-201.0, 91.0)],
[(1, 4), (-167.0, 54.0)],
[(1, 4), (-167.0, 54.0)],
[(0, 4), (-198.0, 51.0)],
[(0, 4), (-198.0, 51.0)],
[(2, 2), (-114.0, 120.0)],
[(2, 2), (-114.0, 120.0)],
[(4, 3), (-50.0, 94.0)],
[(4, 3), (-50.0, 94.0)],
[(5, 4), (-35.0, 41.0)],
[(4, 3), (-50.0, 94.0)],
[(5, 4), (-35.0, 41.0)],
[(4, 6), (-41.0, -4.0)],
[(4, 6), (-41.0, -4.0)],
[(5, 6), (-28.0, -24.0)],
[(5, 6), (-28.0, -24.0)],
[(5, 6), (-28.0, -24.0)],
[(6, 7), (20.0, -68.0)],
[(6, 7), (20.0, -68.0)],
[(6, 8), (21.0, -104.0)],
[(6, 8), (21.0, -104.0)],
[(5, 8), (-27.0, -85.0)],
[(5, 8), (-27.0, -85.0)],
[(6, 9), (25.0, -120.0)],
[(6, 9), (25.0, -120.0)],
[(8, 6), (104.0, -17.0)],
[(8, 6), (104.0, -17.0)],
[(7, 6), (70.0, -14.0)],
[(7, 6), (70.0, -14.0)],
[(8, 5), (79.0, 10.0)],
[(8, 5), (79.0, 10.0)],
[(10, 4), (160.0, 37.0)],
[(10, 4), (160.0, 37.0)],
[(10, 4), (144.0, 58.0)],
[(10, 4), (144.0, 58.0)],
[(10, 3), (168.0, 92.0)],
[(10, 3), (168.0, 92.0)],
[(11, 3), (195.0, 92.0)],
[(11, 3), (195.0, 92.0)],
[(10, 2), (156.0, 139.0)],
[(10, 2), (156.0, 139.0)],
[(10, 1), (170.0, 178.0)],
[(10, 1), (170.0, 178.0)],
[(10, 0), (160.0, 201.0)],
[(10, 0), (160.0, 201.0)],
[(6, 3), (22.0, 101.0)],
[(6, 3), (22.0, 101.0)],
[(6, 3), (22.0, 101.0)],
[(6, 3), (22.0, 101.0)],
[(10, 9), (145.0, -121.0)],
[(10, 9), (144.0, -119.0)],
[(10, 10), (168.0, -150.0)],
[(11, 11), (190.0, -181.0)],
[(11, 11), (190.0, -181.0)],
[(9, 11), (128.0, -189.0)],
[(9, 11), (128.0, -189.0)],
[(7, 11), (49.0, -203.0)],
[(7, 11), (49.0, -203.0)],
[(6, 10), (14.0, -150.0)],
[(6, 10), (14.0, -150.0)],
[(4, 10), (-72.0, -145.0)],
[(4, 10), (-72.0, -145.0)],
[(3, 9), (-96.0, -123.0)],
[(3, 9), (-96.0, -123.0)],
[(1, 9), (-150.0, -129.0)],
[(0, 10), (-190.0, -175.0)],
[(1, 11), (-180.0, -203.0)],
[(2, 7), (-132.0, -63.0)],
[(2, 7), (-132.0, -63.0)],
[(0, 6), (-185.0, -19.0)],
[(0, 5), (-201.0, 3.0)],
[(0, 5), (-201.0, 3.0)],
[(2, 6), (-134.0, -11.0)],
[(2, 6), (-134.0, -11.0)],
[(9, 4), (143.0, 45.0)],
[(9, 4), (143.0, 45.0)],
[(11, 6), (207.0, -8.0)],
[(11, 6), (207.0, -8.0)],
[(11, 7), (211.0, -53.0)],
[(11, 7), (211.0, -53.0)],
[(11, 8), (213.0, -91.0)],
[(11, 8), (213.0, -91.0)],
[(6, 0), (21.0, 206.0)],
[(6, 0), (21.0, 206.0)],
[(9, 1), (109.0, 147.0)],
[(10, 1), (163.0, 177.0)],
[(3, 11), (-86.0, -198.0)],
[(3, 11), (-86.0, -198.0)],
[(0, 11), (-199.0, -206.0)],
[(6, 3), (18.0, 94.0)],
[(9, 9), (132.0, -123.0)],
[(0, 1), (-197.0, 162.0)],
[(9, 2), (108.0, 128.0)],
[(8, 3), (92.0, 93.0)],
[(8, 6), (97.0, -29.0)],
[(9, 9), (130.0, -132.0)],
[(3, 11), (-108.0, -211.0)],
[(6, 10), (22.0, -156.0)],
]