[[(4, 0), 2, [(-58.11542731880104, 214), (-42.52697005068114, 187.0)]],
[(4, 9), 2, [(-58.11542731880104, -110.0), (-42.52697005068114, -137.0)]],
[(5, 1), 1, [(-26.93851278256125, 160.0)]],
[(8, 0), 2, [(97.76914536239791, 214), (82.18068809427801, 187.0)]],
[(5, 10), 1, [(-26.93851278256125, -164.0)]],
[(8, 9), 2, [(97.76914536239791, -110.0), (82.18068809427801, -137.0)]],
[(10, 6), 3, [(160.12297443487748, -2.0), (144.53451716675758, -29.0), (175.71143170299737, -29.0)]],
[(9, 8), 1, [(113.3576026305178, -83.0)]],
[(0, 5), 1, [(-198.4115427318801, 25.0)]],
[(2, 2), 1, [(-136.05771365940052, 133.0)]],
[(11, 5), 1, [(206.88834623923717, 25.0)]],
[(2, 11), 1, [(-136.05771365940052, -191.0)]],
[(6, 2), 1, [(19.826859021798434, 133.0)]],
[(7, 1), 1, [(66.59223082615812, 160.0)]],
[(6, 11), 1, [(19.826859021798434, -191.0)]],
[(7, 10), 1, [(66.59223082615812, -164.0)]],
[(4, 2), 1, [(-42.52697005068114, 133.0)]],
[(3, 6), 3, [(-89.29234185504083, -2.0), (-104.88079912316073, -29.0), (-73.70388458692094, -29.0)]],
[(5, 3), 2, [(-26.93851278256125, 106.0), (-11.350055514441355, 79.0)]],
[(8, 2), 1, [(82.18068809427801, 133.0)]],
[(9, 1), 1, [(128.94605989863769, 160.0)]],
[(8, 11), 1, [(82.18068809427801, -191.0)]],
[(9, 10), 1, [(128.94605989863769, -164.0)]],
[(0, 7), 2, [(-214, -56.0), (-182.8230854637602, -56.0)]],
[(2, 4), 1, [(-120.46925639128062, 52.0)]],
[(11, 7), 1, [(191.29988897111727, -56.0)]],
[(1, 8), 1, [(-167.2346281956403, -83.0)]],
[(6, 4), 2, [(4.238401753678538, 52.0), (35.41531628991832, 52.0)]],
[(7, 3), 2, [(66.59223082615812, 106.0), (51.00377355803822, 79.0)]],
[(3, 8), 2, [(-104.88079912316073, -83.0), (-73.70388458692094, -83.0)]],
[(5, 5), 1, [(-11.350055514441355, 25.0)]],
[(8, 4), 1, [(97.76914536239791, 52.0)]],
[(9, 3), 2, [(128.94605989863769, 106.0), (113.3576026305178, 79.0)]],
[(0, 0), 3, [(-214, 214), (-182.8230854637602, 214), (-198.4115427318801, 187.0)]],
[(11, 0), 2, [(191.29988897111727, 214), (206.88834623923717, 187.0)]],
[(0, 9), 3, [(-214, -110.0), (-182.8230854637602, -110.0), (-198.4115427318801, -137.0)]],
[(11, 9), 2, [(191.29988897111727, -110.0), (206.88834623923717, -137.0)]],
[(1, 10), 1, [(-151.64617092752042, -164.0)]],
[(6, 6), 3, [(4.238401753678538, -2.0), (35.41531628991832, -2.0), (19.826859021798434, -29.0)]],
[(7, 5), 1, [(51.00377355803822, 25.0)]],
[(3, 1), 1, [(-89.29234185504083, 160.0)]],
[(3, 10), 1, [(-89.29234185504083, -164.0)]],
[(5, 7), 1, [(-26.93851278256125, -56.0)]],
[(9, 5), 1, [(113.3576026305178, 25.0)]],
[(0, 2), 1, [(-198.4115427318801, 133.0)]],
[(11, 2), 1, [(206.88834623923717, 133.0)]],
[(1, 3), 2, [(-151.64617092752042, 106.0), (-167.2346281956403, 79.0)]],
[(7, 7), 1, [(66.59223082615812, -56.0)]],
[(3, 3), 3, [(-89.29234185504083, 106.0), (-104.88079912316073, 79.0), (-73.70388458692094, 79.0)]],
[(5, 0), 2, [(-26.93851278256125, 214), (-11.350055514441355, 187.0)]],
[(5, 9), 2, [(-26.93851278256125, -110.0), (-11.350055514441355, -137.0)]],
[(4, 11), 1, [(-42.52697005068114, -191.0)]],
[(9, 7), 1, [(128.94605989863769, -56.0)]],
[(11, 4), 1, [(191.29988897111727, 52.0)]],
[(10, 8), 2, [(144.53451716675758, -83.0), (175.71143170299737, -83.0)]],
[(1, 5), 1, [(-167.2346281956403, 25.0)]],
[(6, 1), 2, [(4.238401753678538, 160.0), (35.41531628991832, 160.0)]],
[(7, 0), 2, [(66.59223082615812, 214), (51.00377355803822, 187.0)]],
[(7, 9), 2, [(66.59223082615812, -110.0), (51.00377355803822, -137.0)]],
[(3, 5), 2, [(-104.88079912316073, 25.0), (-73.70388458692094, 25.0)]],
[(5, 2), 1, [(-11.350055514441355, 133.0)]],
[(4, 4), 1, [(-58.11542731880104, 52.0)]],
[(9, 0), 2, [(128.94605989863769, 214), (113.3576026305178, 187.0)]],
[(5, 11), 1, [(-11.350055514441355, -191.0)]],]