[[(12, 4), 1, [(132.47680350735706, 139.0)]],
[(4, 0), 2, [(-148.11542731880104, 301), (-132.52697005068114, 274.0)]],
[(4, 9), 2, [(-148.11542731880104, -23.0), (-132.52697005068114, -50.0)]],
[(5, 1), 1, [(-116.93851278256125, 247.0)]],
[(8, 0), 2, [(7.769145362397914, 301), (-7.819311905721978, 274.0)]],
[(3, 13), 1, [(-179.29234185504083, -185.0)]],
[(5, 10), 1, [(-116.93851278256125, -77.0)]],
[(8, 9), 2, [(7.769145362397914, -23.0), (-7.819311905721978, -50.0)]],
[(10, 6), 3, [(70.12297443487749, 85.0), (54.534517166757595, 58.0), (85.71143170299739, 58.0)]],
[(9, 8), 1, [(23.35760263051781, 4.0)]],
[(0, 5), 1, [(-288.4115427318801, 112.0)]],
[(2, 2), 1, [(-226.05771365940052, 220.0)]],
[(11, 5), 1, [(116.88834623923718, 112.0)]],
[(14, 13), 1, [(226.00754711607644, -185.0)]],
[(0, 14), 1, [(-288.4115427318801, -212.0)]],
[(2, 11), 1, [(-226.05771365940052, -104.0)]],
[(11, 14), 1, [(116.88834623923718, -212.0)]],
[(13, 8), 1, [(179.24217531171675, 4.0)]],
[(15, 5), 1, [(241.59600438419633, 112.0)]],
[(6, 2), 1, [(-70.17314097820156, 220.0)]],
[(7, 1), 1, [(-23.407769173841874, 247.0)]],
[(1, 15), 2, [(-241.64617092752042, -239.0), (-257.2346281956403, -266.0)]],
[(15, 14), 1, [(241.59600438419633, -212.0)]],
[(6, 11), 1, [(-70.17314097820156, -104.0)]],
[(16, 13), 1, [(288.361376188556, -185.0)]],
[(7, 10), 1, [(-23.407769173841874, -77.0)]],
[(4, 2), 1, [(-132.52697005068114, 220.0)]],
[(3, 6), 3, [(-179.29234185504083, 85.0), (-194.88079912316073, 58.0), (-163.70388458692094, 58.0)]],
[(5, 3), 2, [(-116.93851278256125, 193.0), (-101.35005551444135, 166.0)]],
[(8, 2), 1, [(-7.819311905721978, 220.0)]],
[(9, 1), 1, [(38.9460598986377, 247.0)]],
[(3, 15), 3, [(-179.29234185504083, -239.0), (-194.88079912316073, -266.0), (-163.70388458692094, -266.0)]],
[(5, 12), 2, [(-116.93851278256125, -131.0), (-101.35005551444135, -158.0)]],
[(8, 11), 1, [(-7.819311905721978, -104.0)]],
[(14, 15), 2, [(226.00754711607644, -239.0), (210.41908984795654, -266.0)]],
[(9, 10), 1, [(38.9460598986377, -77.0)]],
[(0, 7), 2, [(-304, 31.0), (-272.8230854637602, 31.0)]],
[(2, 4), 1, [(-210.46925639128062, 139.0)]],
[(11, 7), 1, [(101.29988897111728, 31.0)]],
[(13, 1), 2, [(163.65371804359685, 247.0), (194.83063257983665, 247.0)]],
[(0, 16), 2, [(-304, -293.0), (-272.8230854637602, -293.0)]],
[(11, 16), 1, [(101.29988897111728, -293.0)]],
[(1, 8), 1, [(-257.2346281956403, 4.0)]],
[(15, 7), 1, [(257.1844616523162, 31.0)]],
[(6, 4), 2, [(-85.76159824632146, 139.0), (-54.58468371008166, 139.0)]],
[(16, 6), 3, [(288.361376188556, 85.0), (272.7729189204361, 58.0), (303.9498334566759, 58.0)]],
[(7, 3), 2, [(-23.407769173841874, 193.0), (-38.99622644196177, 166.0)]],
[(13, 10), 2, [(163.65371804359685, -77.0), (194.83063257983665, -77.0)]],
[(6, 13), 2, [(-85.76159824632146, -185.0), (-54.58468371008166, -185.0)]],
[(16, 15), 3, [(288.361376188556, -239.0), (272.7729189204361, -266.0), (303.9498334566759, -266.0)]],
[(7, 12), 2, [(-23.407769173841874, -131.0), (-38.99622644196177, -158.0)]],
[(3, 8), 2, [(-194.88079912316073, 4.0), (-163.70388458692094, 4.0)]],
[(5, 5), 1, [(-101.35005551444135, 112.0)]],
[(8, 4), 1, [(7.769145362397914, 139.0)]],
[(14, 8), 1, [(210.41908984795654, 4.0)]],
[(9, 3), 2, [(38.9460598986377, 193.0), (23.35760263051781, 166.0)]],
[(0, 0), 3, [(-304, 301), (-272.8230854637602, 301), (-288.4115427318801, 274.0)]],
[(11, 0), 2, [(101.29988897111728, 301), (116.88834623923718, 274.0)]],
[(5, 14), 1, [(-101.35005551444135, -212.0)]],
[(9, 12), 2, [(38.9460598986377, -131.0), (23.35760263051781, -158.0)]],
[(0, 9), 3, [(-304, -23.0), (-272.8230854637602, -23.0), (-288.4115427318801, -50.0)]],
[(11, 9), 2, [(101.29988897111728, -23.0), (116.88834623923718, -50.0)]],
[(13, 3), 3, [(163.65371804359685, 193.0), (194.83063257983665, 193.0), (179.24217531171675, 166.0)]],
[(15, 0), 2, [(257.1844616523162, 301), (241.59600438419633, 274.0)]],
[(1, 10), 1, [(-241.64617092752042, -77.0)]],
[(15, 9), 2, [(257.1844616523162, -23.0), (241.59600438419633, -50.0)]],
[(6, 6), 3, [(-85.76159824632146, 85.0), (-54.58468371008166, 85.0), (-70.17314097820156, 58.0)]],
[(16, 8), 2, [(272.7729189204361, 4.0), (303.9498334566759, 4.0)]],
[(7, 5), 1, [(-38.99622644196177, 112.0)]],
[(13, 12), 3, [(163.65371804359685, -131.0), (194.83063257983665, -131.0), (179.24217531171675, -158.0)]],
[(7, 14), 1, [(-38.99622644196177, -212.0)]],
[(3, 1), 1, [(-179.29234185504083, 247.0)]],
[(14, 1), 1, [(226.00754711607644, 247.0)]],
[(12, 13), 1, [(132.47680350735706, -185.0)]],
[(3, 10), 1, [(-179.29234185504083, -77.0)]],
[(5, 7), 1, [(-116.93851278256125, 31.0)]],
[(14, 10), 1, [(226.00754711607644, -77.0)]],
[(9, 5), 1, [(23.35760263051781, 112.0)]],
[(0, 2), 1, [(-288.4115427318801, 220.0)]],
[(11, 2), 1, [(116.88834623923718, 220.0)]],
[(5, 16), 1, [(-116.93851278256125, -293.0)]],
[(9, 14), 1, [(23.35760263051781, -212.0)]],
[(1, 3), 2, [(-241.64617092752042, 193.0), (-257.2346281956403, 166.0)]],
[(15, 2), 1, [(241.59600438419633, 220.0)]],
[(13, 5), 1, [(179.24217531171675, 112.0)]],
[(16, 1), 1, [(288.361376188556, 247.0)]],
[(10, 15), 3, [(70.12297443487749, -239.0), (54.534517166757595, -266.0), (85.71143170299739, -266.0)]],
[(1, 12), 2, [(-241.64617092752042, -131.0), (-257.2346281956403, -158.0)]],
[(15, 11), 1, [(241.59600438419633, -104.0)]],
[(13, 14), 1, [(179.24217531171675, -212.0)]],
[(16, 10), 1, [(288.361376188556, -77.0)]],
[(7, 7), 1, [(-23.407769173841874, 31.0)]],
[(7, 16), 1, [(-23.407769173841874, -293.0)]],
[(12, 6), 2, [(132.47680350735706, 85.0), (148.06526077547696, 58.0)]],
[(3, 3), 3, [(-179.29234185504083, 193.0), (-194.88079912316073, 166.0), (-163.70388458692094, 166.0)]],
[(5, 0), 2, [(-116.93851278256125, 301), (-101.35005551444135, 274.0)]],
[(14, 3), 2, [(226.00754711607644, 193.0), (210.41908984795654, 166.0)]],
[(12, 15), 2, [(132.47680350735706, -239.0), (148.06526077547696, -266.0)]],
[(3, 12), 3, [(-179.29234185504083, -131.0), (-194.88079912316073, -158.0), (-163.70388458692094, -158.0)]],
[(5, 9), 2, [(-116.93851278256125, -23.0), (-101.35005551444135, -50.0)]],
[(14, 12), 2, [(226.00754711607644, -131.0), (210.41908984795654, -158.0)]],
[(9, 7), 1, [(38.9460598986377, 31.0)]],
[(11, 4), 1, [(101.29988897111728, 139.0)]],
[(9, 16), 1, [(38.9460598986377, -293.0)]],
[(10, 8), 2, [(54.534517166757595, 4.0), (85.71143170299739, 4.0)]],
[(15, 4), 1, [(257.1844616523162, 139.0)]],
[(6, 1), 2, [(-85.76159824632146, 247.0), (-54.58468371008166, 247.0)]],
[(16, 3), 3, [(288.361376188556, 193.0), (272.7729189204361, 166.0), (303.9498334566759, 166.0)]],
[(7, 0), 2, [(-23.407769173841874, 301), (-38.99622644196177, 274.0)]],
[(13, 7), 2, [(163.65371804359685, 31.0), (194.83063257983665, 31.0)]],
[(2, 13), 1, [(-210.46925639128062, -185.0)]],
[(16, 12), 3, [(288.361376188556, -131.0), (272.7729189204361, -158.0), (303.9498334566759, -158.0)]],
[(7, 9), 2, [(-23.407769173841874, -23.0), (-38.99622644196177, -50.0)]],
[(1, 14), 1, [(-257.2346281956403, -212.0)]],
[(13, 16), 2, [(163.65371804359685, -293.0), (194.83063257983665, -293.0)]],
[(12, 8), 1, [(148.06526077547696, 4.0)]],
[(3, 5), 2, [(-194.88079912316073, 112.0), (-163.70388458692094, 112.0)]],
[(14, 5), 1, [(210.41908984795654, 112.0)]],
[(9, 0), 2, [(38.9460598986377, 301), (23.35760263051781, 274.0)]],
[(3, 14), 2, [(-194.88079912316073, -212.0), (-163.70388458692094, -212.0)]],
[(4, 13), 1, [(-148.11542731880104, -185.0)]],
[(14, 14), 1, [(210.41908984795654, -212.0)]],
[(9, 9), 2, [(38.9460598986377, -23.0), (23.35760263051781, -50.0)]],
]