[[(15, 21), 2, [(23.18446165231625, -218.0), (7.596004384196355, -245.0)]],
[(26, 21), 3, [(397.3074360871937, -218.0), (428.4843506234335, -218.0), (412.8958933553136, -245.0)]],
[(7, 17), 1, [(-272.99622644196177, -83.0)]],
[(18, 17), 1, [(132.3036625291555, -83.0)]],
[(7, 26), 1, [(-272.99622644196177, -407.0)]],
[(18, 26), 1, [(132.3036625291555, -407.0)]],
[(27, 4), 1, [(459.6612651596733, 376.0)]],
[(8, 0), 2, [(-226.23085463760208, 538), (-241.81931190572197, 511.0)]],
[(19, 0), 3, [(147.8921197972754, 538), (179.0690343335152, 538), (163.4805770653953, 511.0)]],
[(27, 13), 1, [(459.6612651596733, 52.0)]],
[(8, 9), 2, [(-226.23085463760208, 214.0), (-241.81931190572197, 187.0)]],
[(19, 9), 3, [(147.8921197972754, 214.0), (179.0690343335152, 214.0), (163.4805770653953, 187.0)]],
[(0, 5), 1, [(-522.4115427318801, 349.0)]],
[(11, 5), 1, [(-117.1116537607628, 349.0)]],
[(8, 18), 2, [(-226.23085463760208, -110.0), (-241.81931190572197, -137.0)]],
[(19, 18), 3, [(147.8921197972754, -110.0), (179.0690343335152, -110.0), (163.4805770653953, -137.0)]],
[(0, 14), 1, [(-522.4115427318801, 25.0)]],
[(11, 14), 1, [(-117.1116537607628, 25.0)]],
[(0, 23), 1, [(-522.4115427318801, -299.0)]],
[(10, 27), 3, [(-163.8770255651225, -434.0), (-179.4654828332424, -461.0), (-148.2885682970026, -461.0)]],
[(25, 25), 1, [(366.1305215509539, -380.0)]],
[(4, 2), 1, [(-366.52697005068114, 457.0)]],
[(22, 10), 1, [(272.59977794223454, 160.0)]],
[(3, 6), 3, [(-413.29234185504083, 322.0), (-428.8807991231607, 295.0), (-397.70388458692094, 295.0)]],
[(22, 19), 1, [(272.59977794223454, -164.0)]],
[(3, 15), 3, [(-413.29234185504083, -2.0), (-428.8807991231607, -29.0), (-397.70388458692094, -29.0)]],
[(14, 15), 2, [(-7.992452883923537, -2.0), (-23.580910152043433, -29.0)]],
[(22, 28), 1, [(272.59977794223454, -488.0)]],
[(3, 24), 3, [(-413.29234185504083, -326.0), (-428.8807991231607, -353.0), (-397.70388458692094, -353.0)]],
[(14, 24), 2, [(-7.992452883923537, -326.0), (-23.580910152043433, -353.0)]],
[(15, 7), 1, [(23.18446165231625, 268.0)]],
[(26, 7), 2, [(397.3074360871937, 268.0), (428.4843506234335, 268.0)]],
[(7, 3), 2, [(-257.40776917384187, 430.0), (-272.99622644196177, 403.0)]],
[(18, 3), 2, [(116.71520526103562, 430.0), (132.3036625291555, 403.0)]],
[(15, 16), 1, [(23.18446165231625, -56.0)]],
[(26, 16), 2, [(397.3074360871937, -56.0), (428.4843506234335, -56.0)]],
[(7, 12), 2, [(-257.40776917384187, 106.0), (-272.99622644196177, 79.0)]],
[(18, 12), 2, [(116.71520526103562, 106.0), (132.3036625291555, 79.0)]],
[(15, 25), 1, [(23.18446165231625, -380.0)]],
[(26, 25), 2, [(397.3074360871937, -380.0), (428.4843506234335, -380.0)]],
[(7, 21), 2, [(-257.40776917384187, -218.0), (-272.99622644196177, -245.0)]],
[(18, 21), 2, [(116.71520526103562, -218.0), (132.3036625291555, -245.0)]],
[(27, 8), 1, [(444.0728078915534, 241.0)]],
[(29, 27), 3, [(522.0150942321528, -434.0), (506.426636964033, -461.0), (537.6035515002727, -461.0)]],
[(8, 4), 1, [(-226.23085463760208, 376.0)]],
[(19, 4), 2, [(147.8921197972754, 376.0), (179.0690343335152, 376.0)]],
[(0, 0), 3, [(-538, 538), (-506.8230854637602, 538), (-522.4115427318801, 511.0)]],
[(11, 0), 2, [(-132.7001110288827, 538), (-117.1116537607628, 511.0)]],
[(0, 9), 3, [(-538, 214.0), (-506.8230854637602, 214.0), (-522.4115427318801, 187.0)]],
[(11, 9), 2, [(-132.7001110288827, 214.0), (-117.1116537607628, 187.0)]],
[(25, 11), 1, [(381.7189788190738, 133.0)]],
[(25, 20), 1, [(381.7189788190738, -191.0)]],
[(2, 27), 2, [(-444.4692563912806, -434.0), (-460.0577136594005, -461.0)]],
[(25, 29), 1, [(381.7189788190738, -515.0)]],
[(22, 5), 1, [(257.01132067411464, 349.0)]],
[(3, 1), 1, [(-413.29234185504083, 484.0)]],
[(14, 1), 1, [(-7.992452883923537, 484.0)]],
[(22, 14), 1, [(257.01132067411464, 25.0)]],
[(3, 10), 1, [(-413.29234185504083, 160.0)]],
[(14, 10), 1, [(-7.992452883923537, 160.0)]],
[(22, 23), 1, [(257.01132067411464, -299.0)]],
[(3, 19), 1, [(-413.29234185504083, -164.0)]],
[(14, 19), 1, [(-7.992452883923537, -164.0)]],
[(3, 28), 1, [(-413.29234185504083, -488.0)]],
[(14, 28), 1, [(-7.992452883923537, -488.0)]],
[(15, 2), 1, [(7.596004384196355, 457.0)]],
[(26, 2), 1, [(412.8958933553136, 457.0)]],
[(15, 11), 1, [(7.596004384196355, 133.0)]],
[(26, 11), 1, [(412.8958933553136, 133.0)]],
[(7, 7), 1, [(-257.40776917384187, 268.0)]],
[(18, 7), 1, [(116.71520526103562, 268.0)]],
[(26, 20), 1, [(412.8958933553136, -191.0)]],
[(7, 16), 1, [(-257.40776917384187, -56.0)]],
[(18, 16), 1, [(116.71520526103562, -56.0)]],
[(29, 13), 1, [(522.0150942321528, 52.0)]],
[(29, 22), 1, [(522.0150942321528, -272.0)]],
[(21, 18), 2, [(241.42286340599478, -110.0), (225.83440613787488, -137.0)]],
[(6, 29), 1, [(-304.17314097820156, -515.0)]],
[(21, 27), 2, [(241.42286340599478, -434.0), (225.83440613787488, -461.0)]],
[(11, 4), 1, [(-132.7001110288827, 376.0)]],
[(10, 8), 2, [(-179.4654828332424, 241.0), (-148.2885682970026, 241.0)]],
[(25, 6), 2, [(366.1305215509539, 322.0), (381.7189788190738, 295.0)]],
[(10, 17), 2, [(-179.4654828332424, -83.0), (-148.2885682970026, -83.0)]],
[(2, 13), 1, [(-444.4692563912806, 52.0)]],
[(25, 15), 2, [(366.1305215509539, -2.0), (381.7189788190738, -29.0)]],
[(10, 26), 2, [(-179.4654828332424, -407.0), (-148.2885682970026, -407.0)]],
[(2, 22), 1, [(-444.4692563912806, -272.0)]],
[(25, 24), 2, [(366.1305215509539, -326.0), (381.7189788190738, -353.0)]],
[(22, 0), 2, [(272.59977794223454, 538), (257.01132067411464, 511.0)]],
[(22, 9), 2, [(272.59977794223454, 214.0), (257.01132067411464, 187.0)]],
[(3, 5), 2, [(-428.8807991231607, 349.0), (-397.70388458692094, 349.0)]],
[(14, 5), 1, [(-23.580910152043433, 349.0)]],
[(22, 18), 2, [(272.59977794223454, -110.0), (257.01132067411464, -137.0)]],
[(3, 14), 2, [(-428.8807991231607, 25.0), (-397.70388458692094, 25.0)]],
[(14, 14), 1, [(-23.580910152043433, 25.0)]],
[(22, 27), 2, [(272.59977794223454, -434.0), (257.01132067411464, -461.0)]],
[(3, 23), 2, [(-428.8807991231607, -299.0), (-397.70388458692094, -299.0)]],
[(15, 6), 2, [(23.18446165231625, 322.0), (7.596004384196355, 295.0)]],
[(26, 6), 3, [(397.3074360871937, 322.0), (428.4843506234335, 322.0), (412.8958933553136, 295.0)]],
[(7, 2), 1, [(-272.99622644196177, 457.0)]],
[(18, 2), 1, [(132.3036625291555, 457.0)]],
[(28, 25), 1, [(490.8381796959131, -380.0)]],
[(7, 11), 1, [(-272.99622644196177, 133.0)]],
[(18, 11), 1, [(132.3036625291555, 133.0)]],
[(29, 8), 2, [(506.426636964033, 241.0), (537.6035515002727, 241.0)]],
[(6, 15), 3, [(-319.76159824632146, -2.0), (-288.58468371008166, -2.0), (-304.17314097820156, -29.0)]],
[(29, 17), 2, [(506.426636964033, -83.0), (537.6035515002727, -83.0)]],
[(21, 13), 1, [(241.42286340599478, 52.0)]],
[(6, 24), 3, [(-319.76159824632146, -326.0), (-288.58468371008166, -326.0), (-304.17314097820156, -353.0)]],
[(29, 26), 2, [(506.426636964033, -407.0), (537.6035515002727, -407.0)]],
[(10, 3), 3, [(-163.8770255651225, 430.0), (-179.4654828332424, 403.0), (-148.2885682970026, 403.0)]],
[(25, 1), 1, [(366.1305215509539, 484.0)]],
[(10, 12), 3, [(-163.8770255651225, 106.0), (-179.4654828332424, 79.0), (-148.2885682970026, 79.0)]],
[(2, 8), 1, [(-460.0577136594005, 241.0)]],
[(25, 10), 1, [(366.1305215509539, 160.0)]],
[(10, 21), 3, [(-163.8770255651225, -218.0), (-179.4654828332424, -245.0), (-148.2885682970026, -245.0)]],
[(2, 17), 1, [(-460.0577136594005, -83.0)]],
[(25, 19), 1, [(366.1305215509539, -164.0)]],
[(2, 26), 1, [(-460.0577136594005, -407.0)]],
[(25, 28), 1, [(366.1305215509539, -488.0)]],
[(22, 4), 1, [(272.59977794223454, 376.0)]],
[(3, 0), 3, [(-413.29234185504083, 538), (-428.8807991231607, 511.0), (-397.70388458692094, 511.0)]],
[(14, 0), 2, [(-7.992452883923537, 538), (-23.580910152043433, 511.0)]],
[(22, 13), 1, [(272.59977794223454, 52.0)]],
[(3, 9), 3, [(-413.29234185504083, 214.0), (-428.8807991231607, 187.0), (-397.70388458692094, 187.0)]],
[(14, 9), 2, [(-7.992452883923537, 214.0), (-23.580910152043433, 187.0)]],
[(3, 18), 3, [(-413.29234185504083, -110.0), (-428.8807991231607, -137.0), (-397.70388458692094, -137.0)]],
[(14, 18), 2, [(-7.992452883923537, -110.0), (-23.580910152043433, -137.0)]],
[(26, 1), 2, [(397.3074360871937, 484.0), (428.4843506234335, 484.0)]],
[(28, 20), 1, [(475.2497224277932, -191.0)]],
[(5, 27), 2, [(-350.93851278256125, -434.0), (-335.35005551444135, -461.0)]],
[(17, 29), 1, [(101.12674799291572, -515.0)]],
[(28, 29), 1, [(475.2497224277932, -515.0)]],
[(29, 3), 3, [(522.0150942321528, 430.0), (506.426636964033, 403.0), (537.6035515002727, 403.0)]],
[(6, 10), 2, [(-319.76159824632146, 160.0), (-288.58468371008166, 160.0)]],
[(29, 12), 3, [(522.0150942321528, 106.0), (506.426636964033, 79.0), (537.6035515002727, 79.0)]],
[(21, 8), 1, [(225.83440613787488, 241.0)]],
[(6, 19), 2, [(-319.76159824632146, -164.0), (-288.58468371008166, -164.0)]],
[(29, 21), 3, [(522.0150942321528, -218.0), (506.426636964033, -245.0), (537.6035515002727, -245.0)]],
[(21, 17), 1, [(225.83440613787488, -83.0)]],
[(6, 28), 2, [(-319.76159824632146, -488.0), (-288.58468371008166, -488.0)]],
[(21, 26), 1, [(225.83440613787488, -407.0)]],
[(10, 7), 1, [(-163.8770255651225, 268.0)]],
[(2, 3), 2, [(-444.4692563912806, 430.0), (-460.0577136594005, 403.0)]],
[(25, 5), 1, [(381.7189788190738, 349.0)]],
[(10, 16), 1, [(-163.8770255651225, -56.0)]],
[(2, 12), 2, [(-444.4692563912806, 106.0), (-460.0577136594005, 79.0)]],
[(25, 14), 1, [(381.7189788190738, 25.0)]],
[(2, 21), 2, [(-444.4692563912806, -218.0), (-460.0577136594005, -245.0)]],
[(22, 8), 1, [(257.01132067411464, 241.0)]],
[(13, 27), 3, [(-70.34628195640312, -434.0), (-39.169367420163326, -434.0), (-54.75782468828322, -461.0)]],
[(24, 27), 2, [(334.9536070147141, -434.0), (350.542064282834, -461.0)]],
[(3, 4), 1, [(-413.29234185504083, 376.0)]],
[(14, 4), 1, [(-7.992452883923537, 376.0)]],
[(17, 6), 2, [(85.53829072479583, 322.0), (101.12674799291572, 295.0)]],
[(28, 6), 2, [(490.8381796959131, 322.0), (475.2497224277932, 295.0)]],
[(17, 15), 2, [(85.53829072479583, -2.0), (101.12674799291572, -29.0)]],
[(28, 15), 2, [(490.8381796959131, -2.0), (475.2497224277932, -29.0)]],
[(9, 11), 1, [(-210.64239736948218, 133.0)]],
[(5, 22), 1, [(-350.93851278256125, -272.0)]],
[(17, 24), 2, [(85.53829072479583, -326.0), (101.12674799291572, -353.0)]],
[(28, 24), 2, [(490.8381796959131, -326.0), (475.2497224277932, -353.0)]],
[(9, 29), 1, [(-210.64239736948218, -515.0)]],
[(6, 5), 1, [(-304.17314097820156, 349.0)]],
[(29, 7), 1, [(522.0150942321528, 268.0)]],
[(21, 3), 2, [(241.42286340599478, 430.0), (225.83440613787488, 403.0)]],
[(6, 14), 1, [(-304.17314097820156, 25.0)]],
[(29, 16), 1, [(522.0150942321528, -56.0)]],
[(21, 12), 2, [(241.42286340599478, 106.0), (225.83440613787488, 79.0)]],
[(29, 25), 1, [(522.0150942321528, -380.0)]],
[(21, 21), 2, [(241.42286340599478, -218.0), (225.83440613787488, -245.0)]],
[(10, 2), 2, [(-179.4654828332424, 457.0), (-148.2885682970026, 457.0)]],
[(25, 0), 2, [(366.1305215509539, 538), (381.7189788190738, 511.0)]],
[(10, 11), 2, [(-179.4654828332424, 133.0), (-148.2885682970026, 133.0)]],
[(2, 7), 1, [(-444.4692563912806, 268.0)]],
[(25, 9), 2, [(366.1305215509539, 214.0), (381.7189788190738, 187.0)]],
[(2, 16), 1, [(-444.4692563912806, -56.0)]],
[(13, 13), 2, [(-70.34628195640312, 52.0), (-39.169367420163326, 52.0)]],
[(24, 13), 1, [(334.9536070147141, 52.0)]],
[(13, 22), 2, [(-70.34628195640312, -272.0), (-39.169367420163326, -272.0)]],
[(16, 18), 3, [(54.36137618855604, -110.0), (38.77291892043614, -137.0), (69.94983345667593, -137.0)]],
[(1, 29), 1, [(-491.2346281956403, -515.0)]],
[(16, 27), 3, [(54.36137618855604, -434.0), (38.77291892043614, -461.0), (69.94983345667593, -461.0)]],
[(17, 1), 1, [(85.53829072479583, 484.0)]],
[(28, 1), 1, [(490.8381796959131, 484.0)]],
[(5, 8), 1, [(-335.35005551444135, 241.0)]],
[(17, 10), 1, [(85.53829072479583, 160.0)]],
[(28, 10), 1, [(490.8381796959131, 160.0)]],
[(9, 6), 2, [(-195.0539401013623, 322.0), (-210.64239736948218, 295.0)]],
[(5, 17), 1, [(-335.35005551444135, -83.0)]],
[(28, 19), 1, [(490.8381796959131, -164.0)]],
[(9, 15), 2, [(-195.0539401013623, -2.0), (-210.64239736948218, -29.0)]],
[(5, 26), 1, [(-335.35005551444135, -407.0)]],
[(17, 28), 1, [(85.53829072479583, -488.0)]],
[(28, 28), 1, [(490.8381796959131, -488.0)]],
[(9, 24), 2, [(-195.0539401013623, -326.0), (-210.64239736948218, -353.0)]],
[(29, 2), 2, [(506.426636964033, 457.0), (537.6035515002727, 457.0)]],
[(6, 0), 3, [(-319.76159824632146, 538), (-288.58468371008166, 538), (-304.17314097820156, 511.0)]],
[(6, 9), 3, [(-319.76159824632146, 214.0), (-288.58468371008166, 214.0), (-304.17314097820156, 187.0)]],
[(29, 11), 2, [(506.426636964033, 133.0), (537.6035515002727, 133.0)]],
[(21, 7), 1, [(241.42286340599478, 268.0)]],
[(6, 18), 3, [(-319.76159824632146, -110.0), (-288.58468371008166, -110.0), (-304.17314097820156, -137.0)]],
[(21, 16), 1, [(241.42286340599478, -56.0)]],
[(20, 29), 1, [(194.6574916016351, -515.0)]],
[(10, 6), 3, [(-163.8770255651225, 322.0), (-179.4654828332424, 295.0), (-148.2885682970026, 295.0)]],

[(23, 25), 1, [(303.77669247847433, -380.0)]],
[(2, 2), 1, [(-460.0577136594005, 457.0)]],
[(2, 11), 1, [(-460.0577136594005, 133.0)]],
[(13, 8), 1, [(-54.75782468828322, 241.0)]],
[(24, 8), 1, [(350.542064282834, 241.0)]],
[(1, 15), 2, [(-475.6461709275204, -2.0), (-491.2346281956403, -29.0)]],
[(13, 17), 1, [(-54.75782468828322, -83.0)]],
[(24, 17), 1, [(350.542064282834, -83.0)]],
[(16, 13), 1, [(54.36137618855604, 52.0)]],
[(1, 24), 2, [(-475.6461709275204, -326.0), (-491.2346281956403, -353.0)]],
[(13, 26), 1, [(-54.75782468828322, -407.0)]],
[(24, 26), 1, [(350.542064282834, -407.0)]],
[(5, 3), 2, [(-350.93851278256125, 430.0), (-335.35005551444135, 403.0)]],
[(17, 5), 1, [(101.12674799291572, 349.0)]],
[(28, 5), 1, [(475.2497224277932, 349.0)]],
[(9, 1), 1, [(-195.0539401013623, 484.0)]],
[(5, 12), 2, [(-350.93851278256125, 106.0), (-335.35005551444135, 79.0)]],
[(17, 14), 1, [(101.12674799291572, 25.0)]],
[(28, 14), 1, [(475.2497224277932, 25.0)]],
[(5, 21), 2, [(-350.93851278256125, -218.0), (-335.35005551444135, -245.0)]],
[(9, 19), 1, [(-195.0539401013623, -164.0)]],
[(9, 28), 1, [(-195.0539401013623, -488.0)]],
[(6, 4), 2, [(-319.76159824632146, 376.0), (-288.58468371008166, 376.0)]],
[(29, 6), 3, [(522.0150942321528, 322.0), (506.426636964033, 295.0), (537.6035515002727, 295.0)]],
[(21, 2), 1, [(225.83440613787488, 457.0)]],
[(6, 13), 2, [(-319.76159824632146, 52.0), (-288.58468371008166, 52.0)]],
[(20, 15), 2, [(210.24594886975498, -2.0), (194.6574916016351, -29.0)]],
[(20, 24), 2, [(210.24594886975498, -326.0), (194.6574916016351, -353.0)]],
[(23, 20), 2, [(288.18823521035443, -191.0), (319.3651497465942, -191.0)]],
[(12, 29), 1, [(-85.93473922452301, -515.0)]],
[(23, 29), 2, [(288.18823521035443, -515.0), (319.3651497465942, -515.0)]],
[(13, 3), 3, [(-70.34628195640312, 430.0), (-39.169367420163326, 430.0), (-54.75782468828322, 403.0)]],
[(24, 3), 2, [(334.9536070147141, 430.0), (350.542064282834, 403.0)]],
[(1, 10), 1, [(-475.6461709275204, 160.0)]],
[(13, 12), 3, [(-70.34628195640312, 106.0), (-39.169367420163326, 106.0), (-54.75782468828322, 79.0)]],
[(24, 12), 2, [(334.9536070147141, 106.0), (350.542064282834, 79.0)]],
[(16, 8), 2, [(38.77291892043614, 241.0), (69.94983345667593, 241.0)]],
[(1, 19), 1, [(-475.6461709275204, -164.0)]],
[(13, 21), 3, [(-70.34628195640312, -218.0), (-39.169367420163326, -218.0), (-54.75782468828322, -245.0)]],
[(24, 21), 2, [(334.9536070147141, -218.0), (350.542064282834, -245.0)]],
[(16, 17), 2, [(38.77291892043614, -83.0), (69.94983345667593, -83.0)]],
[(1, 28), 1, [(-475.6461709275204, -488.0)]],
[(16, 26), 2, [(38.77291892043614, -407.0), (69.94983345667593, -407.0)]],
[(17, 0), 2, [(85.53829072479583, 538), (101.12674799291572, 511.0)]],
[(28, 0), 2, [(490.8381796959131, 538), (475.2497224277932, 511.0)]],
[(5, 7), 1, [(-350.93851278256125, 268.0)]],
[(17, 9), 2, [(85.53829072479583, 214.0), (101.12674799291572, 187.0)]],
[(28, 9), 2, [(490.8381796959131, 214.0), (475.2497224277932, 187.0)]],
[(9, 5), 1, [(-210.64239736948218, 349.0)]],
[(28, 18), 2, [(490.8381796959131, -110.0), (475.2497224277932, -137.0)]],
[(9, 14), 1, [(-210.64239736948218, 25.0)]],
[(27, 22), 1, [(459.6612651596733, -272.0)]],
[(8, 27), 2, [(-226.23085463760208, -434.0), (-241.81931190572197, -461.0)]],
[(19, 27), 3, [(147.8921197972754, -434.0), (179.0690343335152, -434.0), (163.4805770653953, -461.0)]],
[(20, 1), 1, [(210.24594886975498, 484.0)]],
[(20, 10), 1, [(210.24594886975498, 160.0)]],
[(12, 6), 2, [(-101.52319649264291, 322.0), (-85.93473922452301, 295.0)]],
[(23, 6), 3, [(303.77669247847433, 322.0), (288.18823521035443, 295.0), (319.3651497465942, 295.0)]],
[(12, 15), 2, [(-101.52319649264291, -2.0), (-85.93473922452301, -29.0)]],
[(23, 15), 3, [(303.77669247847433, -2.0), (288.18823521035443, -29.0), (319.3651497465942, -29.0)]],
[(20, 28), 1, [(210.24594886975498, -488.0)]],
[(4, 11), 1, [(-366.52697005068114, 133.0)]],
[(12, 24), 2, [(-101.52319649264291, -326.0), (-85.93473922452301, -353.0)]],
[(23, 24), 3, [(303.77669247847433, -326.0), (288.18823521035443, -353.0), (319.3651497465942, -353.0)]],
[(4, 20), 1, [(-366.52697005068114, -191.0)]],
[(4, 29), 1, [(-366.52697005068114, -515.0)]],
[(1, 5), 1, [(-491.2346281956403, 349.0)]],
[(13, 7), 2, [(-70.34628195640312, 268.0), (-39.169367420163326, 268.0)]],
[(24, 7), 1, [(334.9536070147141, 268.0)]],
[(16, 3), 3, [(54.36137618855604, 430.0), (38.77291892043614, 403.0), (69.94983345667593, 403.0)]],
[(1, 14), 1, [(-491.2346281956403, 25.0)]],
[(13, 16), 2, [(-70.34628195640312, -56.0), (-39.169367420163326, -56.0)]],
[(24, 16), 1, [(334.9536070147141, -56.0)]],
[(16, 12), 3, [(54.36137618855604, 106.0), (38.77291892043614, 79.0), (69.94983345667593, 79.0)]],
[(16, 21), 3, [(54.36137618855604, -218.0), (38.77291892043614, -245.0), (69.94983345667593, -245.0)]],
[(5, 2), 1, [(-335.35005551444135, 457.0)]],
[(17, 4), 1, [(85.53829072479583, 376.0)]],
[(28, 4), 1, [(490.8381796959131, 376.0)]],
[(9, 0), 2, [(-195.0539401013623, 538), (-210.64239736948218, 511.0)]],
[(5, 11), 1, [(-335.35005551444135, 133.0)]],
[(9, 9), 2, [(-195.0539401013623, 214.0), (-210.64239736948218, 187.0)]],
[(27, 17), 1, [(444.0728078915534, -83.0)]],
[(8, 13), 1, [(-226.23085463760208, 52.0)]],
[(19, 13), 2, [(147.8921197972754, 52.0), (179.0690343335152, 52.0)]],
[(27, 26), 1, [(444.0728078915534, -407.0)]],
[(19, 22), 2, [(147.8921197972754, -272.0), (179.0690343335152, -272.0)]],
[(0, 18), 3, [(-538, -110.0), (-506.8230854637602, -110.0), (-522.4115427318801, -137.0)]],
[(11, 18), 2, [(-132.7001110288827, -110.0), (-117.1116537607628, -137.0)]],
[(0, 27), 3, [(-538, -434.0), (-506.8230854637602, -434.0), (-522.4115427318801, -461.0)]],
[(11, 27), 2, [(-132.7001110288827, -434.0), (-117.1116537607628, -461.0)]],
[(20, 5), 1, [(194.6574916016351, 349.0)]],
[(12, 1), 1, [(-101.52319649264291, 484.0)]],
[(23, 1), 1, [(303.77669247847433, 484.0)]],
[(20, 14), 1, [(194.6574916016351, 25.0)]],
[(12, 10), 1, [(-101.52319649264291, 160.0)]],
[(23, 10), 1, [(303.77669247847433, 160.0)]],
[(4, 6), 2, [(-382.11542731880104, 322.0), (-366.52697005068114, 295.0)]],
[(23, 19), 1, [(303.77669247847433, -164.0)]],
[(4, 15), 2, [(-382.11542731880104, -2.0), (-366.52697005068114, -29.0)]],
[(23, 28), 1, [(303.77669247847433, -488.0)]],
[(4, 24), 2, [(-382.11542731880104, -326.0), (-366.52697005068114, -353.0)]],
[(1, 0), 2, [(-475.6461709275204, 538), (-491.2346281956403, 511.0)]],
[(13, 2), 1, [(-54.75782468828322, 457.0)]],
[(24, 2), 1, [(350.542064282834, 457.0)]],
[(1, 9), 2, [(-475.6461709275204, 214.0), (-491.2346281956403, 187.0)]],
[(13, 11), 1, [(-54.75782468828322, 133.0)]],
[(24, 11), 1, [(350.542064282834, 133.0)]],
[(16, 7), 1, [(54.36137618855604, 268.0)]],
[(1, 18), 2, [(-475.6461709275204, -110.0), (-491.2346281956403, -137.0)]],
[(16, 16), 1, [(54.36137618855604, -56.0)]],
[(15, 29), 1, [(7.596004384196355, -515.0)]],
[(26, 29), 1, [(412.8958933553136, -515.0)]],
[(5, 6), 2, [(-350.93851278256125, 322.0), (-335.35005551444135, 295.0)]],
[(27, 3), 2, [(459.6612651596733, 430.0), (444.0728078915534, 403.0)]],
[(27, 12), 2, [(459.6612651596733, 106.0), (444.0728078915534, 79.0)]],
[(8, 8), 1, [(-241.81931190572197, 241.0)]],
[(27, 21), 2, [(459.6612651596733, -218.0), (444.0728078915534, -245.0)]],
[(0, 4), 2, [(-538, 376.0), (-506.8230854637602, 376.0)]],
[(8, 17), 1, [(-241.81931190572197, -83.0)]],
[(0, 13), 2, [(-538, 52.0), (-506.8230854637602, 52.0)]],
[(11, 13), 1, [(-132.7001110288827, 52.0)]],
[(0, 22), 2, [(-538, -272.0), (-506.8230854637602, -272.0)]],
[(20, 0), 2, [(210.24594886975498, 538), (194.6574916016351, 511.0)]],
[(20, 9), 2, [(210.24594886975498, 214.0), (194.6574916016351, 187.0)]],
[(12, 5), 1, [(-85.93473922452301, 349.0)]],
[(23, 5), 2, [(288.18823521035443, 349.0), (319.3651497465942, 349.0)]],
[(20, 18), 2, [(210.24594886975498, -110.0), (194.6574916016351, -137.0)]],
[(4, 1), 1, [(-382.11542731880104, 484.0)]],
[(12, 14), 1, [(-85.93473922452301, 25.0)]],
[(23, 14), 2, [(288.18823521035443, 25.0), (319.3651497465942, 25.0)]],
[(4, 10), 1, [(-382.11542731880104, 160.0)]],
[(23, 23), 2, [(288.18823521035443, -299.0), (319.3651497465942, -299.0)]],
[(4, 28), 1, [(-382.11542731880104, -488.0)]],
[(1, 4), 1, [(-475.6461709275204, 376.0)]],
[(24, 6), 2, [(334.9536070147141, 322.0), (350.542064282834, 295.0)]],
[(16, 2), 2, [(38.77291892043614, 457.0), (69.94983345667593, 457.0)]],
[(1, 13), 1, [(-475.6461709275204, 52.0)]],
[(15, 15), 2, [(23.18446165231625, -2.0), (7.596004384196355, -29.0)]],
[(26, 15), 3, [(397.3074360871937, -2.0), (428.4843506234335, -2.0), (412.8958933553136, -29.0)]],
[(15, 24), 2, [(23.18446165231625, -326.0), (7.596004384196355, -353.0)]],
[(26, 24), 3, [(397.3074360871937, -326.0), (428.4843506234335, -326.0), (412.8958933553136, -353.0)]],
[(7, 29), 1, [(-272.99622644196177, -515.0)]],
[(18, 29), 1, [(132.3036625291555, -515.0)]],
[(8, 3), 2, [(-226.23085463760208, 430.0), (-241.81931190572197, 403.0)]],
[(19, 3), 3, [(147.8921197972754, 430.0), (179.0690343335152, 430.0), (163.4805770653953, 403.0)]],
[(27, 16), 1, [(459.6612651596733, -56.0)]],
[(8, 12), 2, [(-226.23085463760208, 106.0), (-241.81931190572197, 79.0)]],
[(19, 12), 3, [(147.8921197972754, 106.0), (179.0690343335152, 106.0), (163.4805770653953, 79.0)]],
[(27, 25), 1, [(459.6612651596733, -380.0)]],
[(0, 8), 1, [(-522.4115427318801, 241.0)]],
[(11, 8), 1, [(-117.1116537607628, 241.0)]],
[(8, 21), 2, [(-226.23085463760208, -218.0), (-241.81931190572197, -245.0)]],
[(19, 21), 3, [(147.8921197972754, -218.0), (179.0690343335152, -218.0), (163.4805770653953, -245.0)]],
[(0, 26), 1, [(-522.4115427318801, -407.0)]],
[(20, 4), 1, [(210.24594886975498, 376.0)]],]