[
[ 1 , (-336.4692563912806, 430) ],
[ 2 , (-274.11542731880104, 430) ],
[ 3 , (-242.93851278256125, 430) ],
[ 4 , (-149.40776917384187, 430) ],
[ 5 , (-55.877025565122494, 430) ],
[ 6 , (37.65371804359687, 430) ],
[ 7 , (68.83063257983666, 430) ],
[ 8 , (131.18446165231623, 430) ],
[ 9 , (162.36137618855602, 430) ],
[ 10 , (224.7152052610356, 430) ],
[ 11 , (349.42286340599475, 430) ],
[ 12 , (-352.0577136594005, 403.0) ],
[ 13 , (-258.52697005068114, 403.0) ],
[ 14 , (-227.35005551444135, 403.0) ],
[ 15 , (-164.99622644196177, 403.0) ],
[ 16 , (-71.46548283324239, 403.0) ],
[ 17 , (-40.2885682970026, 403.0) ],
[ 18 , (53.242175311716764, 403.0) ],
[ 19 , (115.59600438419635, 403.0) ],
[ 20 , (146.77291892043613, 403.0) ],
[ 21 , (177.94983345667592, 403.0) ],
[ 22 , (240.3036625291555, 403.0) ],
[ 23 , (333.83440613787485, 403.0) ],
[ 24 , (-430, 376.0) ],
[ 25 , (-398.8230854637602, 376.0) ],
[ 26 , (-367.6461709275204, 376.0) ],
[ 27 , (-336.4692563912806, 376.0) ],
[ 28 , (-242.93851278256125, 376.0) ],
[ 29 , (-211.76159824632146, 376.0) ],
[ 30 , (-180.58468371008166, 376.0) ],
[ 31 , (-149.40776917384187, 376.0) ],
[ 32 , (-118.23085463760208, 376.0) ],
[ 33 , (-55.877025565122494, 376.0) ],
[ 34 , (-24.700111028882706, 376.0) ],
[ 35 , (37.65371804359687, 376.0) ],
[ 36 , (68.83063257983666, 376.0) ],
[ 37 , (131.18446165231623, 376.0) ],
[ 38 , (162.36137618855602, 376.0) ],
[ 39 , (224.7152052610356, 376.0) ],
[ 40 , (255.8921197972754, 376.0) ],
[ 41 , (287.06903433351516, 376.0) ],
[ 42 , (349.42286340599475, 376.0) ],
[ 43 , (380.59977794223454, 376.0) ],
[ 44 , (-414.4115427318801, 349.0) ],
[ 45 , (-383.2346281956403, 349.0) ],
[ 46 , (-320.8807991231607, 349.0) ],
[ 47 , (-289.70388458692094, 349.0) ],
[ 48 , (-196.17314097820156, 349.0) ],
[ 49 , (-133.81931190572197, 349.0) ],
[ 50 , (-102.64239736948218, 349.0) ],
[ 51 , (-9.11165376076281, 349.0) ],
[ 52 , (22.06526077547698, 349.0) ],
[ 53 , (84.41908984795656, 349.0) ],
[ 54 , (209.1267479929157, 349.0) ],
[ 55 , (271.48057706539527, 349.0) ],
[ 56 , (302.65749160163506, 349.0) ],
[ 57 , (365.01132067411464, 349.0) ],
[ 58 , (396.18823521035443, 349.0) ],
[ 59 , (427.3651497465942, 349.0) ],
[ 60 , (-430, 322.0) ],
[ 61 , (-398.8230854637602, 322.0) ],
[ 62 , (-367.6461709275204, 322.0) ],
[ 63 , (-305.29234185504083, 322.0) ],
[ 64 , (-274.11542731880104, 322.0) ],
[ 65 , (-211.76159824632146, 322.0) ],
[ 66 , (-180.58468371008166, 322.0) ],
[ 67 , (-87.05394010136229, 322.0) ],
[ 68 , (-24.700111028882706, 322.0) ],
[ 69 , (6.476803507357083, 322.0) ],
[ 70 , (100.00754711607645, 322.0) ],
[ 71 , (131.18446165231623, 322.0) ],
[ 72 , (193.53829072479581, 322.0) ],
[ 73 , (318.24594886975495, 322.0) ],
[ 74 , (380.59977794223454, 322.0) ],
[ 75 , (411.77669247847433, 322.0) ],
[ 76 , (-414.4115427318801, 295.0) ],
[ 77 , (-383.2346281956403, 295.0) ],
[ 78 , (-320.8807991231607, 295.0) ],
[ 79 , (-289.70388458692094, 295.0) ],
[ 80 , (-258.52697005068114, 295.0) ],
[ 81 , (-196.17314097820156, 295.0) ],
[ 82 , (-102.64239736948218, 295.0) ],
[ 83 , (-9.11165376076281, 295.0) ],
[ 84 , (22.06526077547698, 295.0) ],
[ 85 , (84.41908984795656, 295.0) ],
[ 86 , (115.59600438419635, 295.0) ],
[ 87 , (209.1267479929157, 295.0) ],
[ 88 , (302.65749160163506, 295.0) ],
[ 89 , (365.01132067411464, 295.0) ],
[ 90 , (396.18823521035443, 295.0) ],
[ 91 , (427.3651497465942, 295.0) ],
[ 92 , (-336.4692563912806, 268.0) ],
[ 93 , (-274.11542731880104, 268.0) ],
[ 94 , (-242.93851278256125, 268.0) ],
[ 95 , (-149.40776917384187, 268.0) ],
[ 96 , (-87.05394010136229, 268.0) ],
[ 97 , (-55.877025565122494, 268.0) ],
[ 98 , (6.476803507357083, 268.0) ],
[ 99 , (37.65371804359687, 268.0) ],
[ 100 , (68.83063257983666, 268.0) ],
[ 101 , (131.18446165231623, 268.0) ],
[ 102 , (162.36137618855602, 268.0) ],
[ 103 , (224.7152052610356, 268.0) ],
[ 104 , (349.42286340599475, 268.0) ],
[ 105 , (411.77669247847433, 268.0) ],
[ 106 , (-352.0577136594005, 241.0) ],
[ 107 , (-227.35005551444135, 241.0) ],
[ 108 , (-164.99622644196177, 241.0) ],
[ 109 , (-133.81931190572197, 241.0) ],
[ 110 , (-71.46548283324239, 241.0) ],
[ 111 , (-40.2885682970026, 241.0) ],
[ 112 , (53.242175311716764, 241.0) ],
[ 113 , (115.59600438419635, 241.0) ],
[ 114 , (146.77291892043613, 241.0) ],
[ 115 , (177.94983345667592, 241.0) ],
[ 116 , (240.3036625291555, 241.0) ],
[ 117 , (271.48057706539527, 241.0) ],
[ 118 , (333.83440613787485, 241.0) ],
[ 119 , (-430, 214.0) ],
[ 120 , (-398.8230854637602, 214.0) ],
[ 121 , (-367.6461709275204, 214.0) ],
[ 122 , (-336.4692563912806, 214.0) ],
[ 123 , (-211.76159824632146, 214.0) ],
[ 124 , (-180.58468371008166, 214.0) ],
[ 125 , (-149.40776917384187, 214.0) ],
[ 126 , (-118.23085463760208, 214.0) ],
[ 127 , (-24.700111028882706, 214.0) ],
[ 128 , (37.65371804359687, 214.0) ],
[ 129 , (68.83063257983666, 214.0) ],
[ 130 , (100.00754711607645, 214.0) ],
[ 131 , (162.36137618855602, 214.0) ],
[ 132 , (224.7152052610356, 214.0) ],
[ 133 , (255.8921197972754, 214.0) ],
[ 134 , (287.06903433351516, 214.0) ],
[ 135 , (318.24594886975495, 214.0) ],
[ 136 , (349.42286340599475, 214.0) ],
[ 137 , (380.59977794223454, 214.0) ],
[ 138 , (-414.4115427318801, 187.0) ],
[ 139 , (-383.2346281956403, 187.0) ],
[ 140 , (-352.0577136594005, 187.0) ],
[ 141 , (-196.17314097820156, 187.0) ],
[ 142 , (-164.99622644196177, 187.0) ],
[ 143 , (-133.81931190572197, 187.0) ],
[ 144 , (-9.11165376076281, 187.0) ],
[ 145 , (53.242175311716764, 187.0) ],
[ 146 , (84.41908984795656, 187.0) ],
[ 147 , (146.77291892043613, 187.0) ],
[ 148 , (177.94983345667592, 187.0) ],
[ 149 , (240.3036625291555, 187.0) ],
[ 150 , (271.48057706539527, 187.0) ],
[ 151 , (302.65749160163506, 187.0) ],
[ 152 , (333.83440613787485, 187.0) ],
[ 153 , (365.01132067411464, 187.0) ],
[ 154 , (-430, 160.0) ],
[ 155 , (-398.8230854637602, 160.0) ],
[ 156 , (-367.6461709275204, 160.0) ],
[ 157 , (-305.29234185504083, 160.0) ],
[ 158 , (-274.11542731880104, 160.0) ],
[ 159 , (-211.76159824632146, 160.0) ],
[ 160 , (-180.58468371008166, 160.0) ],
[ 161 , (-118.23085463760208, 160.0) ],
[ 162 , (-87.05394010136229, 160.0) ],
[ 163 , (-24.700111028882706, 160.0) ],
[ 164 , (6.476803507357083, 160.0) ],
[ 165 , (100.00754711607645, 160.0) ],
[ 166 , (193.53829072479581, 160.0) ],
[ 167 , (255.8921197972754, 160.0) ],
[ 168 , (287.06903433351516, 160.0) ],
[ 169 , (318.24594886975495, 160.0) ],
[ 170 , (380.59977794223454, 160.0) ],
[ 171 , (411.77669247847433, 160.0) ],
[ 172 , (-383.2346281956403, 133.0) ],
[ 173 , (-320.8807991231607, 133.0) ],
[ 174 , (-289.70388458692094, 133.0) ],
[ 175 , (-258.52697005068114, 133.0) ],
[ 176 , (-196.17314097820156, 133.0) ],
[ 177 , (-164.99622644196177, 133.0) ],
[ 178 , (-102.64239736948218, 133.0) ],
[ 179 , (22.06526077547698, 133.0) ],
[ 180 , (84.41908984795656, 133.0) ],
[ 181 , (115.59600438419635, 133.0) ],
[ 182 , (209.1267479929157, 133.0) ],
[ 183 , (240.3036625291555, 133.0) ],
[ 184 , (302.65749160163506, 133.0) ],
[ 185 , (396.18823521035443, 133.0) ],
[ 186 , (427.3651497465942, 133.0) ],
[ 187 , (-336.4692563912806, 106.0) ],
[ 188 , (-274.11542731880104, 106.0) ],
[ 189 , (-242.93851278256125, 106.0) ],
[ 190 , (-149.40776917384187, 106.0) ],
[ 191 , (-55.877025565122494, 106.0) ],
[ 192 , (37.65371804359687, 106.0) ],
[ 193 , (68.83063257983666, 106.0) ],
[ 194 , (131.18446165231623, 106.0) ],
[ 195 , (162.36137618855602, 106.0) ],
[ 196 , (224.7152052610356, 106.0) ],
[ 197 , (349.42286340599475, 106.0) ],
[ 198 , (-352.0577136594005, 79.0) ],
[ 199 , (-258.52697005068114, 79.0) ],
[ 200 , (-227.35005551444135, 79.0) ],
[ 201 , (-164.99622644196177, 79.0) ],
[ 202 , (-71.46548283324239, 79.0) ],
[ 203 , (-40.2885682970026, 79.0) ],
[ 204 , (53.242175311716764, 79.0) ],
[ 205 , (115.59600438419635, 79.0) ],
[ 206 , (146.77291892043613, 79.0) ],
[ 207 , (177.94983345667592, 79.0) ],
[ 208 , (240.3036625291555, 79.0) ],
[ 209 , (333.83440613787485, 79.0) ],
[ 210 , (-430, 52.0) ],
[ 211 , (-398.8230854637602, 52.0) ],
[ 212 , (-336.4692563912806, 52.0) ],
[ 213 , (-242.93851278256125, 52.0) ],
[ 214 , (-149.40776917384187, 52.0) ],
[ 215 , (-118.23085463760208, 52.0) ],
[ 216 , (-55.877025565122494, 52.0) ],
[ 217 , (-24.700111028882706, 52.0) ],
[ 218 , (37.65371804359687, 52.0) ],
[ 219 , (68.83063257983666, 52.0) ],
[ 220 , (131.18446165231623, 52.0) ],
[ 221 , (162.36137618855602, 52.0) ],
[ 222 , (224.7152052610356, 52.0) ],
[ 223 , (255.8921197972754, 52.0) ],
[ 224 , (287.06903433351516, 52.0) ],
[ 225 , (349.42286340599475, 52.0) ],
[ 226 , (-414.4115427318801, 25.0) ],
[ 227 , (-383.2346281956403, 25.0) ],
[ 228 , (-320.8807991231607, 25.0) ],
[ 229 , (-289.70388458692094, 25.0) ],
[ 230 , (-196.17314097820156, 25.0) ],
[ 231 , (-133.81931190572197, 25.0) ],
[ 232 , (-9.11165376076281, 25.0) ],
[ 233 , (22.06526077547698, 25.0) ],
[ 234 , (84.41908984795656, 25.0) ],
[ 235 , (146.77291892043613, 25.0) ],
[ 236 , (177.94983345667592, 25.0) ],
[ 237 , (209.1267479929157, 25.0) ],
[ 238 , (271.48057706539527, 25.0) ],
[ 239 , (302.65749160163506, 25.0) ],
[ 240 , (333.83440613787485, 25.0) ],
[ 241 , (365.01132067411464, 25.0) ],
[ 242 , (396.18823521035443, 25.0) ],
[ 243 , (427.3651497465942, 25.0) ],
[ 244 , (-430, -2.0) ],
[ 245 , (-398.8230854637602, -2.0) ],
[ 246 , (-367.6461709275204, -2.0) ],
[ 247 , (-305.29234185504083, -2.0) ],
[ 248 , (-274.11542731880104, -2.0) ],
[ 249 , (-211.76159824632146, -2.0) ],
[ 250 , (-180.58468371008166, -2.0) ],
[ 251 , (-87.05394010136229, -2.0) ],
[ 252 , (-24.700111028882706, -2.0) ],
[ 253 , (6.476803507357083, -2.0) ],
[ 254 , (100.00754711607645, -2.0) ],
[ 255 , (131.18446165231623, -2.0) ],
[ 256 , (193.53829072479581, -2.0) ],
[ 257 , (318.24594886975495, -2.0) ],
[ 258 , (380.59977794223454, -2.0) ],
[ 259 , (411.77669247847433, -2.0) ],
[ 260 , (-414.4115427318801, -29.0) ],
[ 261 , (-383.2346281956403, -29.0) ],
[ 262 , (-320.8807991231607, -29.0) ],
[ 263 , (-289.70388458692094, -29.0) ],
[ 264 , (-258.52697005068114, -29.0) ],
[ 265 , (-196.17314097820156, -29.0) ],
[ 266 , (-102.64239736948218, -29.0) ],
[ 267 , (-9.11165376076281, -29.0) ],
[ 268 , (22.06526077547698, -29.0) ],
[ 269 , (84.41908984795656, -29.0) ],
[ 270 , (115.59600438419635, -29.0) ],
[ 271 , (209.1267479929157, -29.0) ],
[ 272 , (302.65749160163506, -29.0) ],
[ 273 , (365.01132067411464, -29.0) ],
[ 274 , (396.18823521035443, -29.0) ],
[ 275 , (427.3651497465942, -29.0) ],
[ 276 , (-305.29234185504083, -56.0) ],
[ 277 , (-274.11542731880104, -56.0) ],
[ 278 , (-242.93851278256125, -56.0) ],
[ 279 , (-149.40776917384187, -56.0) ],
[ 280 , (-87.05394010136229, -56.0) ],
[ 281 , (-55.877025565122494, -56.0) ],
[ 282 , (6.476803507357083, -56.0) ],
[ 283 , (100.00754711607645, -56.0) ],
[ 284 , (131.18446165231623, -56.0) ],
[ 285 , (193.53829072479581, -56.0) ],
[ 286 , (224.7152052610356, -56.0) ],
[ 287 , (411.77669247847433, -56.0) ],
[ 288 , (-352.0577136594005, -83.0) ],
[ 289 , (-258.52697005068114, -83.0) ],
[ 290 , (-227.35005551444135, -83.0) ],
[ 291 , (-164.99622644196177, -83.0) ],
[ 292 , (-133.81931190572197, -83.0) ],
[ 293 , (-71.46548283324239, -83.0) ],
[ 294 , (-40.2885682970026, -83.0) ],
[ 295 , (53.242175311716764, -83.0) ],
[ 296 , (115.59600438419635, -83.0) ],
[ 297 , (146.77291892043613, -83.0) ],
[ 298 , (177.94983345667592, -83.0) ],
[ 299 , (240.3036625291555, -83.0) ],
[ 300 , (271.48057706539527, -83.0) ],
[ 301 , (333.83440613787485, -83.0) ],
[ 302 , (-430, -110.0) ],
[ 303 , (-398.8230854637602, -110.0) ],
[ 304 , (-336.4692563912806, -110.0) ],
[ 305 , (-242.93851278256125, -110.0) ],
[ 306 , (-149.40776917384187, -110.0) ],
[ 307 , (-118.23085463760208, -110.0) ],
[ 308 , (-55.877025565122494, -110.0) ],
[ 309 , (-24.700111028882706, -110.0) ],
[ 310 , (37.65371804359687, -110.0) ],
[ 311 , (68.83063257983666, -110.0) ],
[ 312 , (162.36137618855602, -110.0) ],
[ 313 , (224.7152052610356, -110.0) ],
[ 314 , (255.8921197972754, -110.0) ],
[ 315 , (287.06903433351516, -110.0) ],
[ 316 , (349.42286340599475, -110.0) ],
[ 317 , (380.59977794223454, -110.0) ],
[ 318 , (-414.4115427318801, -137.0) ],
[ 319 , (-352.0577136594005, -137.0) ],
[ 320 , (-227.35005551444135, -137.0) ],
[ 321 , (-164.99622644196177, -137.0) ],
[ 322 , (-133.81931190572197, -137.0) ],
[ 323 , (-71.46548283324239, -137.0) ],
[ 324 , (-40.2885682970026, -137.0) ],
[ 325 , (-9.11165376076281, -137.0) ],
[ 326 , (53.242175311716764, -137.0) ],
[ 327 , (146.77291892043613, -137.0) ],
[ 328 , (177.94983345667592, -137.0) ],
[ 329 , (240.3036625291555, -137.0) ],
[ 330 , (271.48057706539527, -137.0) ],
[ 331 , (333.83440613787485, -137.0) ],
[ 332 , (365.01132067411464, -137.0) ],
[ 333 , (-430, -164.0) ],
[ 334 , (-398.8230854637602, -164.0) ],
[ 335 , (-367.6461709275204, -164.0) ],
[ 336 , (-305.29234185504083, -164.0) ],
[ 337 , (-274.11542731880104, -164.0) ],
[ 338 , (-211.76159824632146, -164.0) ],
[ 339 , (-180.58468371008166, -164.0) ],
[ 340 , (-118.23085463760208, -164.0) ],
[ 341 , (-87.05394010136229, -164.0) ],
[ 342 , (-24.700111028882706, -164.0) ],
[ 343 , (6.476803507357083, -164.0) ],
[ 344 , (100.00754711607645, -164.0) ],
[ 345 , (193.53829072479581, -164.0) ],
[ 346 , (255.8921197972754, -164.0) ],
[ 347 , (287.06903433351516, -164.0) ],
[ 348 , (318.24594886975495, -164.0) ],
[ 349 , (380.59977794223454, -164.0) ],
[ 350 , (411.77669247847433, -164.0) ],
[ 351 , (-383.2346281956403, -191.0) ],
[ 352 , (-320.8807991231607, -191.0) ],
[ 353 , (-289.70388458692094, -191.0) ],
[ 354 , (-258.52697005068114, -191.0) ],
[ 355 , (-196.17314097820156, -191.0) ],
[ 356 , (-102.64239736948218, -191.0) ],
[ 357 , (22.06526077547698, -191.0) ],
[ 358 , (84.41908984795656, -191.0) ],
[ 359 , (115.59600438419635, -191.0) ],
[ 360 , (209.1267479929157, -191.0) ],
[ 361 , (302.65749160163506, -191.0) ],
[ 362 , (365.01132067411464, -191.0) ],
[ 363 , (396.18823521035443, -191.0) ],
[ 364 , (427.3651497465942, -191.0) ],
[ 365 , (-336.4692563912806, -218.0) ],
[ 366 , (-274.11542731880104, -218.0) ],
[ 367 , (-242.93851278256125, -218.0) ],
[ 368 , (-149.40776917384187, -218.0) ],
[ 369 , (-87.05394010136229, -218.0) ],
[ 370 , (-55.877025565122494, -218.0) ],
[ 371 , (6.476803507357083, -218.0) ],
[ 372 , (37.65371804359687, -218.0) ],
[ 373 , (68.83063257983666, -218.0) ],
[ 374 , (131.18446165231623, -218.0) ],
[ 375 , (193.53829072479581, -218.0) ],
[ 376 , (224.7152052610356, -218.0) ],
[ 377 , (411.77669247847433, -218.0) ],
[ 378 , (-352.0577136594005, -245.0) ],
[ 379 , (-258.52697005068114, -245.0) ],
[ 380 , (-227.35005551444135, -245.0) ],
[ 381 , (-164.99622644196177, -245.0) ],
[ 382 , (-102.64239736948218, -245.0) ],
[ 383 , (-71.46548283324239, -245.0) ],
[ 384 , (-40.2885682970026, -245.0) ],
[ 385 , (22.06526077547698, -245.0) ],
[ 386 , (53.242175311716764, -245.0) ],
[ 387 , (115.59600438419635, -245.0) ],
[ 388 , (209.1267479929157, -245.0) ],
[ 389 , (240.3036625291555, -245.0) ],
[ 390 , (396.18823521035443, -245.0) ],
[ 391 , (427.3651497465942, -245.0) ],
[ 392 , (-430, -272.0) ],
[ 393 , (-398.8230854637602, -272.0) ],
[ 394 , (-336.4692563912806, -272.0) ],
[ 395 , (-242.93851278256125, -272.0) ],
[ 396 , (-149.40776917384187, -272.0) ],
[ 397 , (-118.23085463760208, -272.0) ],
[ 398 , (-55.877025565122494, -272.0) ],
[ 399 , (-24.700111028882706, -272.0) ],
[ 400 , (37.65371804359687, -272.0) ],
[ 401 , (68.83063257983666, -272.0) ],
[ 402 , (131.18446165231623, -272.0) ],
[ 403 , (162.36137618855602, -272.0) ],
[ 404 , (224.7152052610356, -272.0) ],
[ 405 , (255.8921197972754, -272.0) ],
[ 406 , (287.06903433351516, -272.0) ],
[ 407 , (349.42286340599475, -272.0) ],
[ 408 , (-414.4115427318801, -299.0) ],
[ 409 , (-383.2346281956403, -299.0) ],
[ 410 , (-352.0577136594005, -299.0) ],
[ 411 , (-320.8807991231607, -299.0) ],
[ 412 , (-289.70388458692094, -299.0) ],
[ 413 , (-227.35005551444135, -299.0) ],
[ 414 , (-196.17314097820156, -299.0) ],
[ 415 , (-133.81931190572197, -299.0) ],
[ 416 , (-71.46548283324239, -299.0) ],
[ 417 , (-40.2885682970026, -299.0) ],
[ 418 , (-9.11165376076281, -299.0) ],
[ 419 , (53.242175311716764, -299.0) ],
[ 420 , (84.41908984795656, -299.0) ],
[ 421 , (146.77291892043613, -299.0) ],
[ 422 , (177.94983345667592, -299.0) ],
[ 423 , (271.48057706539527, -299.0) ],
[ 424 , (333.83440613787485, -299.0) ],
[ 425 , (365.01132067411464, -299.0) ],
[ 426 , (-430, -326.0) ],
[ 427 , (-398.8230854637602, -326.0) ],
[ 428 , (-367.6461709275204, -326.0) ],
[ 429 , (-305.29234185504083, -326.0) ],
[ 430 , (-274.11542731880104, -326.0) ],
[ 431 , (-211.76159824632146, -326.0) ],
[ 432 , (-180.58468371008166, -326.0) ],
[ 433 , (-87.05394010136229, -326.0) ],
[ 434 , (-24.700111028882706, -326.0) ],
[ 435 , (6.476803507357083, -326.0) ],
[ 436 , (100.00754711607645, -326.0) ],
[ 437 , (193.53829072479581, -326.0) ],
[ 438 , (318.24594886975495, -326.0) ],
[ 439 , (380.59977794223454, -326.0) ],
[ 440 , (411.77669247847433, -326.0) ],
[ 441 , (-414.4115427318801, -353.0) ],
[ 442 , (-383.2346281956403, -353.0) ],
[ 443 , (-320.8807991231607, -353.0) ],
[ 444 , (-289.70388458692094, -353.0) ],
[ 445 , (-258.52697005068114, -353.0) ],
[ 446 , (-196.17314097820156, -353.0) ],
[ 447 , (-102.64239736948218, -353.0) ],
[ 448 , (-9.11165376076281, -353.0) ],
[ 449 , (22.06526077547698, -353.0) ],
[ 450 , (84.41908984795656, -353.0) ],
[ 451 , (209.1267479929157, -353.0) ],
[ 452 , (302.65749160163506, -353.0) ],
[ 453 , (365.01132067411464, -353.0) ],
[ 454 , (396.18823521035443, -353.0) ],
[ 455 , (427.3651497465942, -353.0) ],
[ 456 , (-367.6461709275204, -380.0) ],
[ 457 , (-305.29234185504083, -380.0) ],
[ 458 , (-274.11542731880104, -380.0) ],
[ 459 , (-211.76159824632146, -380.0) ],
[ 460 , (-180.58468371008166, -380.0) ],
[ 461 , (-149.40776917384187, -380.0) ],
[ 462 , (-87.05394010136229, -380.0) ],
[ 463 , (6.476803507357083, -380.0) ],
[ 464 , (100.00754711607645, -380.0) ],
[ 465 , (131.18446165231623, -380.0) ],
[ 466 , (193.53829072479581, -380.0) ],
[ 467 , (224.7152052610356, -380.0) ],
[ 468 , (318.24594886975495, -380.0) ],
[ 469 , (380.59977794223454, -380.0) ],
[ 470 , (411.77669247847433, -380.0) ],
[ 471 , (-352.0577136594005, -407.0) ],
[ 472 , (-258.52697005068114, -407.0) ],
[ 473 , (-227.35005551444135, -407.0) ],
[ 474 , (-164.99622644196177, -407.0) ],
[ 475 , (-133.81931190572197, -407.0) ],
[ 476 , (-102.64239736948218, -407.0) ],
[ 477 , (-71.46548283324239, -407.0) ],
[ 478 , (-40.2885682970026, -407.0) ],
[ 479 , (53.242175311716764, -407.0) ],
[ 480 , (115.59600438419635, -407.0) ],
[ 481 , (146.77291892043613, -407.0) ],
[ 482 , (177.94983345667592, -407.0) ],
[ 483 , (240.3036625291555, -407.0) ],
[ 484 , (271.48057706539527, -407.0) ],
[ 485 , (333.83440613787485, -407.0) ],
[ 486 , (-430, -432) ],
[ 487 , (-398.8230854637602, -432) ],
[ 488 , (-367.6461709275204, -432) ],
[ 489 , (-336.4692563912806, -432) ],
[ 490 , (-305.29234185504083, -432) ],
[ 491 , (-274.11542731880104, -432) ],
[ 492 , (-242.93851278256125, -432) ],
[ 493 , (-211.76159824632146, -432) ],
[ 494 , (-180.58468371008166, -432) ],
[ 495 , (-149.40776917384187, -432) ],
[ 496 , (-118.23085463760208, -432) ],
[ 497 , (-87.05394010136229, -432) ],
[ 498 , (-55.877025565122494, -432) ],
[ 499 , (-24.700111028882706, -432) ],
[ 500 , (6.476803507357083, -432) ],
[ 501 , (37.65371804359687, -432) ],
[ 502 , (68.83063257983666, -432) ],
[ 503 , (100.00754711607645, -432) ],
[ 504 , (131.18446165231623, -432) ],
[ 505 , (162.36137618855602, -432) ],
[ 506 , (193.53829072479581, -432) ],
[ 507 , (224.7152052610356, -432) ],
[ 508 , (255.8921197972754, -432) ],
[ 509 , (287.06903433351516, -432) ],
[ 510 , (318.24594886975495, -432) ],
[ 511 , (349.42286340599475, -432) ],
[ 512 , (380.59977794223454, -432) ],
[ 513 , (411.77669247847433, -432) ],
[1, (-87.05394010136229, 52.0)],
[1, (-87.05394010136229, -272.0)],
[1, (318.24594886975495, 52.0)],
[1, (-227.35005551444135, 349.0)],
[1, (-118.23085463760208, -56.0)],
[ 1, (6.476803507357083, -272.0)],
[ 1, (53.242175311716764, 25.0)],
[ 1, (162.36137618855602, 160.0)],
[1, (271.48057706539527, 133.0)],
[1, (-133.81931190572197, -191.0)],
[1, (-24.700111028882706, -56.0)],
[1, (-274.11542731880104, 376.0)],
[1, (22.06526077547698, -83.0)],
[1, (-274.11542731880104, 52.0)],
[1, (-367.6461709275204, 268.0)],
[ 1, (-367.6461709275204, -56.0)],
[1, (240.3036625291555, -299.0)],
[1, (-414.4115427318801, 133.0)],
[ 1, (-9.11165376076281, 133.0)],
[ 1, (-9.11165376076281, -191.0)],
[1, (-258.52697005068114, 241.0)],
[(2, 0), (-346.0, 417.0)],
[(2, 1), (-352.0, 380.0)],
[(2, 1), (-352.0, 380.0)],
[(0, 1), (-416.0, 374.0)],
[(0, 1), (-416.0, 374.0)],
[(0, 2), (-397.0, 353.0)],
[(0, 2), (-397.0, 353.0)],
[(0, 3), (-409.0, 324.0)],
[(0, 3), (-409.0, 324.0)],
[(1, 3), (-386.0, 317.0)],
[(1, 3), (-386.0, 317.0)],
[(3, 2), (-298.0, 337.0)],
[(3, 2), (-298.0, 337.0)],
[(4, 3), (-286.0, 315.0)],
[(4, 3), (-286.0, 315.0)],
[(4, 3), (-267.0, 289.0)],
[(4, 3), (-267.0, 289.0)],
[(3, 3), (-305.0, 304.0)],
[(3, 3), (-305.0, 304.0)],
[(2, 5), (-353.0, 228.0)],
[(2, 5), (-353.0, 228.0)],
[(1, 6), (-364.0, 198.0)],
[(1, 6), (-364.0, 198.0)],
[(0, 6), (-410.0, 200.0)],
[(0, 6), (-410.0, 200.0)],
[(0, 7), (-398.0, 177.0)],
[(0, 7), (-398.0, 177.0)],
[(1, 7), (-378.0, 149.0)],
[(1, 7), (-378.0, 149.0)],
[(3, 8), (-304.0, 142.0)],
[(3, 8), (-304.0, 142.0)],
[(4, 8), (-273.0, 142.0)],
[(4, 8), (-273.0, 142.0)],
[(4, 8), (-258.0, 113.0)],
[(4, 8), (-258.0, 113.0)],
[(5, 9), (-245.0, 85.0)],
[(5, 9), (-245.0, 85.0)],
[(5, 10), (-241.0, 65.0)],
[(5, 10), (-241.0, 65.0)],
[(0, 10), (-411.0, 41.0)],
[(0, 10), (-411.0, 41.0)],
[(1, 11), (-394.0, 14.0)],
[(1, 11), (-394.0, 14.0)],
[(1, 12), (-381.0, -7.0)],
[(1, 12), (-381.0, -7.0)],
[(0, 12), (-415.0, -13.0)],
[(0, 12), (-415.0, -13.0)],
[(3, 11), (-291.0, 14.0)],
[(3, 11), (-291.0, 14.0)],
[(4, 12), (-284.0, -13.0)],
[(4, 12), (-284.0, -13.0)],
[(4, 13), (-273.0, -42.0)],
[(4, 13), (-273.0, -42.0)],
[(3, 13), (-307.0, -44.0)],
[(3, 13), (-307.0, -44.0)],
[(4, 13), (-255.0, -67.0)],
[(4, 13), (-255.0, -67.0)],
[(5, 14), (-239.0, -93.0)],
[(5, 14), (-239.0, -93.0)],
[(5, 15), (-237.0, -121.0)],
[(6, 16), (-193.0, -175.0)],
[(8, 15), (-136.0, -111.0)],
[(8, 15), (-136.0, -111.0)],
[(7, 14), (-147.0, -79.0)],
[(7, 14), (-147.0, -79.0)],
[(1, 16), (-381.0, -172.0)],
[(1, 16), (-381.0, -172.0)],
[(0, 15), (-419.0, -118.0)],
[(0, 15), (-419.0, -118.0)],
[(0, 16), (-415.0, -151.0)],
[(0, 16), (-415.0, -151.0)],
[(2, 15), (-340.0, -124.0)],
[(2, 14), (-344.0, -92.0)],
[(4, 16), (-283.0, -176.0)],
[(4, 17), (-271.0, -200.0)],
[(4, 18), (-256.0, -227.0)],
[(5, 18), (-240.0, -250.0)],
[(5, 18), (-240.0, -250.0)],
[(4, 18), (-257.0, -217.0)],
[(4, 18), (-257.0, -217.0)],
[(3, 17), (-303.0, -189.0)],
[(3, 17), (-303.0, -189.0)],
[(2, 18), (-346.0, -230.0)],
[(2, 18), (-346.0, -230.0)],
[(5, 0), (-242.0, 398.0)],
[(5, 0), (-242.0, 398.0)],
[(7, 1), (-166.0, 384.0)],
[(7, 1), (-166.0, 384.0)],
[(8, 2), (-113.0, 358.0)],
[(8, 2), (-113.0, 358.0)],
[(6, 2), (-196.0, 329.0)],
[(6, 2), (-196.0, 329.0)],
[(7, 5), (-149.0, 252.0)],
[(7, 5), (-149.0, 252.0)],
[(8, 5), (-138.0, 225.0)],
[(8, 5), (-138.0, 225.0)],
[(7, 6), (-169.0, 208.0)],
[(7, 6), (-169.0, 208.0)],
[(6, 6), (-193.0, 199.0)],
[(6, 6), (-193.0, 199.0)],
[(6, 7), (-191.0, 162.0)],
[(6, 7), (-191.0, 162.0)],
[(6, 8), (-183.0, 134.0)],
[(6, 8), (-183.0, 134.0)],
[(9, 7), (-102.0, 150.0)],
[(9, 7), (-102.0, 150.0)],
[(10, 4), (-70.0, 263.0)],
[(10, 4), (-70.0, 263.0)],
[(10, 5), (-59.0, 248.0)],
[(10, 5), (-59.0, 248.0)],
[(11, 6), (-15.0, 205.0)],
[(11, 7), (-8.0, 173.0)],
[(13, 6), (69.0, 199.0)],
[(13, 6), (69.0, 199.0)],
[(13, 4), (50.0, 258.0)],
[(13, 4), (50.0, 258.0)],
[(12, 3), (5.0, 296.0)],
[(12, 3), (5.0, 296.0)],
[(12, 2), (1.0, 338.0)],
[(12, 2), (1.0, 338.0)],
[(13, 1), (56.0, 392.0)],
[(13, 1), (56.0, 392.0)],
[(13, 0), (54.0, 422.0)],
[(13, 0), (54.0, 422.0)],
[(16, 0), (149.0, 426.0)],
[(16, 0), (149.0, 426.0)],
[(16, 1), (163.0, 391.0)],
[(16, 1), (163.0, 391.0)],
[(15, 1), (133.0, 390.0)],
[(15, 1), (133.0, 390.0)],
[(15, 3), (108.0, 308.0)],
[(15, 3), (108.0, 308.0)],
[(16, 4), (147.0, 259.0)],
[(16, 4), (147.0, 259.0)],
[(16, 5), (166.0, 236.0)],
[(16, 5), (166.0, 236.0)],
[(15, 5), (128.0, 250.0)],
[(15, 5), (128.0, 250.0)],
[(17, 1), (215.0, 364.0)],
[(17, 3), (204.0, 309.0)],
[(18, 5), (240.0, 251.0)],
[(19, 5), (276.0, 218.0)],
[(19, 5), (276.0, 218.0)],
[(19, 6), (259.0, 198.0)],
[(19, 6), (259.0, 198.0)],
[(21, 6), (328.0, 197.0)],
[(21, 6), (328.0, 197.0)],
[(22, 6), (365.0, 211.0)],
[(22, 6), (365.0, 211.0)],
[(20, 7), (304.0, 170.0)],
[(20, 7), (304.0, 170.0)],
[(19, 7), (274.0, 167.0)],
[(19, 7), (274.0, 167.0)],
[(20, 7), (303.0, 147.0)],
[(18, 7), (250.0, 147.0)],
[(18, 8), (229.0, 124.0)],
[(18, 10), (236.0, 64.0)],
[(19, 10), (275.0, 41.0)],
[(20, 11), (319.0, 21.0)],
[(22, 11), (375.0, 15.0)],
[(22, 11), (375.0, 15.0)],
[(23, 11), (413.0, 15.0)],
[(23, 11), (413.0, 15.0)],
[(20, 11), (318.0, 24.0)],
[(20, 11), (318.0, 24.0)],
[(23, 13), (408.0, -38.0)],
[(23, 13), (408.0, -38.0)],
[(23, 12), (399.0, -7.0)],
[(23, 12), (399.0, -7.0)],
[(23, 7), (412.0, 145.0)],
[(23, 7), (412.0, 145.0)],
[(23, 7), (398.0, 152.0)],
[(23, 7), (398.0, 152.0)],
[(22, 3), (378.0, 308.0)],
[(22, 3), (378.0, 308.0)],
[(23, 3), (410.0, 302.0)],
[(23, 3), (410.0, 302.0)],
[(23, 4), (413.0, 282.0)],
[(23, 4), (413.0, 282.0)],
[(23, 2), (411.0, 339.0)],
[(23, 2), (411.0, 339.0)],
[(22, 2), (384.0, 346.0)],
[(22, 2), (384.0, 346.0)],
[(22, 1), (365.0, 367.0)],
[(22, 1), (365.0, 367.0)],
[(21, 0), (342.0, 421.0)],
[(21, 0), (342.0, 421.0)],
[(20, 2), (288.0, 357.0)],
[(20, 2), (288.0, 357.0)],
[(16, 9), (165.0, 90.0)],
[(16, 9), (165.0, 90.0)],
[(15, 9), (131.0, 85.0)],
[(15, 9), (131.0, 85.0)],
[(16, 10), (145.0, 60.0)],
[(16, 10), (145.0, 60.0)],
[(16, 11), (159.0, 34.0)],
[(16, 11), (159.0, 34.0)],
[(17, 12), (203.0, -11.0)],
[(15, 12), (116.0, -12.0)],
[(15, 12), (116.0, -12.0)],
[(15, 13), (108.0, -43.0)],
[(15, 13), (108.0, -43.0)],
[(15, 13), (119.0, -67.0)],
[(15, 13), (119.0, -67.0)],
[(16, 14), (165.0, -88.0)],
[(16, 14), (165.0, -88.0)],
[(17, 13), (213.0, -40.0)],
[(17, 13), (213.0, -40.0)],
[(19, 14), (264.0, -96.0)],
[(19, 14), (264.0, -96.0)],
[(18, 15), (239.0, -116.0)],
[(18, 15), (239.0, -116.0)],
[(19, 15), (261.0, -140.0)],
[(19, 15), (261.0, -140.0)],
[(20, 16), (303.0, -172.0)],
[(17, 13), (213.0, -40.0)],
[(19, 14), (264.0, -96.0)],
[(19, 14), (264.0, -96.0)],
[(18, 15), (239.0, -116.0)],
[(18, 15), (239.0, -116.0)],
[(19, 15), (261.0, -140.0)],
[(19, 15), (261.0, -140.0)],
[(20, 16), (303.0, -172.0)],
[(20, 16), (303.0, -172.0)],
[(22, 15), (368.0, -113.0)],
[(22, 15), (368.0, -113.0)],
[(21, 15), (346.0, -127.0)],
[(21, 15), (346.0, -127.0)],
[(21, 14), (340.0, -95.0)],
[(23, 16), (401.0, -173.0)],
[(23, 16), (401.0, -173.0)],
[(23, 17), (414.0, -200.0)],
[(23, 17), (414.0, -200.0)],
[(23, 18), (412.0, -235.0)],
[(23, 18), (412.0, -235.0)],
[(23, 18), (412.0, -235.0)],
[(22, 17), (377.0, -182.0)],
[(12, 18), (20.0, -222.0)],
[(12, 18), (20.0, -222.0)],
[(13, 19), (51.0, -259.0)],
[(13, 19), (51.0, -259.0)],
[(10, 18), (-72.0, -227.0)],
[(10, 18), (-72.0, -227.0)],
[(10, 19), (-47.0, -256.0)],
[(10, 19), (-47.0, -256.0)],
[(8, 19), (-131.0, -273.0)],
[(8, 19), (-131.0, -273.0)],
[(22, 21), (385.0, -341.0)],
[(22, 21), (385.0, -341.0)],
[(23, 21), (411.0, -356.0)],
[(23, 21), (411.0, -356.0)],
[(21, 19), (351.0, -283.0)],
[(21, 19), (351.0, -283.0)],
[(18, 19), (238.0, -267.0)],
[(18, 19), (238.0, -267.0)],
[(18, 18), (225.0, -235.0)],
[(18, 18), (225.0, -235.0)],
[(17, 17), (206.0, -199.0)],
[(17, 17), (206.0, -199.0)],
[(13, 19), (62.0, -277.0)],
[(13, 19), (62.0, -277.0)],
[(11, 20), (-28.0, -294.0)],
[(11, 20), (-28.0, -294.0)],
[(12, 21), (0.0, -339.0)],
[(12, 21), (0.0, -339.0)],
[(9, 22), (-94.0, -365.0)],
[(6, 21), (-194.0, -333.0)],
[(6, 21), (-194.0, -333.0)],
[(6, 20), (-216.0, -303.0)],
[(6, 20), (-216.0, -303.0)],
[(3, 20), (-303.0, -301.0)],
[(3, 20), (-303.0, -301.0)],
[(3, 21), (-289.0, -330.0)],
[(3, 21), (-289.0, -330.0)],
[(4, 22), (-282.0, -369.0)],
[(4, 22), (-282.0, -369.0)],
[(1, 20), (-365.0, -304.0)],
[(1, 20), (-365.0, -304.0)],
[(0, 20), (-403.0, -310.0)],
[(0, 20), (-403.0, -310.0)],
[(0, 19), (-411.0, -283.0)],
[(0, 19), (-411.0, -283.0)],
[(0, 21), (-402.0, -342.0)],
[(0, 21), (-402.0, -342.0)],
[(1, 21), (-379.0, -332.0)],
[(1, 21), (-379.0, -332.0)],
[(2, 22), (-358.0, -394.0)],
[(2, 22), (-358.0, -394.0)],
[(5, 23), (-243.0, -413.0)],
[(5, 23), (-243.0, -413.0)],
[(3, 22), (-301.0, -364.0)],
[(3, 22), (-301.0, -364.0)],
[(10, 23), (-57.0, -413.0)],
[(10, 23), (-57.0, -413.0)],
[(10, 23), (-57.0, -413.0)],
[(8, 23), (-118.0, -406.0)],
[(8, 23), (-118.0, -406.0)],
[(7, 23), (-158.0, -397.0)],
[(7, 23), (-158.0, -397.0)],
[(6, 22), (-191.0, -365.0)],
[(6, 22), (-191.0, -365.0)],
[(15, 23), (132.0, -399.0)],
[(15, 23), (132.0, -399.0)],
[(14, 22), (95.0, -366.0)],
[(14, 22), (95.0, -366.0)],
[(14, 20), (89.0, -307.0)],
[(14, 20), (89.0, -307.0)],
[(16, 19), (161.0, -286.0)],
[(16, 19), (161.0, -286.0)],
[(16, 19), (146.0, -277.0)],
[(16, 19), (146.0, -277.0)],
[(14, 17), (101.0, -184.0)],
[(14, 17), (101.0, -184.0)],
[(13, 15), (57.0, -111.0)],
[(13, 15), (57.0, -111.0)],
[(16, 15), (166.0, -121.0)],
[(16, 15), (166.0, -121.0)],
[(10, 15), (-38.0, -121.0)],
[(10, 15), (-38.0, -121.0)],
[(11, 15), (-26.0, -143.0)],
[(11, 15), (-26.0, -143.0)],
[(19, 23), (260.0, -413.0)],
[(19, 23), (260.0, -413.0)],
[(22, 22), (389.0, -371.0)],
[(22, 22), (389.0, -371.0)],
[(13, 9), (54.0, 100.0)],
[(13, 9), (54.0, 100.0)],
[(14, 7), (104.0, 148.0)],
[(14, 7), (104.0, 148.0)],
[(13, 10), (54.0, 56.0)],
[(13, 10), (54.0, 56.0)],
[(8, 10), (-132.0, 43.0)],
[(8, 10), (-132.0, 43.0)],
[(10, 10), (-37.0, 60.0)],
[(10, 10), (-37.0, 60.0)],
[(10, 9), (-58.0, 89.0)],
[(10, 9), (-58.0, 89.0)],
[(6, 12), (-196.0, -11.0)],
[(6, 12), (-196.0, -11.0)],
[(6, 11), (-196.0, 10.0)],
[(6, 11), (-196.0, 10.0)],
[(2, 10), (-348.0, 65.0)],
[(16, 6), (165.0, 200.0)],
[(16, 6), (165.0, 200.0)],
[(21, 23), (338.0, -421.0)],
[(21, 23), (338.0, -421.0)],
[(20, 21), (313.0, -341.0)],
[(21, 20), (351.0, -291.0)],
[(21, 20), (351.0, -291.0)],
[(12, 22), (9.0, -364.0)],
[(12, 22), (9.0, -364.0)],
[(13, 23), (55.0, -423.0)],
[(13, 23), (55.0, -423.0)],
[(2, 23), (-355.0, -421.0)],
[(2, 23), (-355.0, -421.0)],
[(1, 22), (-377.0, -366.0)],
[(0, 23), (-415.0, -430.0)],
[(6, 3), (-197.0, 314.0)],
[(6, 3), (-197.0, 314.0)],
[(10, 1), (-39.0, 387.0)],
[(10, 1), (-39.0, 387.0)],
[(10, 0), (-57.0, 414.0)],
[(10, 0), (-57.0, 414.0)],
[(14, 3), (97.0, 306.0)],
[(2, 10), (-329.0, 37.0)],
[(4, 8), (-275.0, 127.0)],
[(12, 12), (6.0, -17.0)],
[(12, 12), (6.0, -17.0)],
[(12, 11), (2.0, 17.0)],
[(12, 11), (2.0, 17.0)],
[(12, 13), (8.0, -37.0)],
[(12, 13), (8.0, -37.0)],
[(8, 15), (-144.0, -123.0)],
[(8, 15), (-144.0, -123.0)],
[(9, 16), (-101.0, -177.0)],
[(9, 16), (-101.0, -177.0)],
[(10, 13), (-69.0, -62.0)],
[(10, 13), (-69.0, -62.0)],
[(9, 12), (-99.0, -9.0)],
[(9, 12), (-99.0, -9.0)],
[(0, 11), (-418.0, 21.0)],
[(0, 11), (-418.0, 21.0)],
[(18, 10), (240.0, 52.0)],
[(18, 10), (240.0, 52.0)],
[(22, 12), (381.0, -29.0)],
[(22, 12), (381.0, -29.0)],
[(21, 1), (336.0, 391.0)],
[(12, 7), (17.0, 146.0)],
[(7, 10), (-159.0, 67.0)],
[(9, 7), (-106.0, 148.0)],
[(3, 3), (-310.0, 299.0)],
[(6, 1), (-200.0, 369.0)],
[(6, 1), (-200.0, 369.0)],
[(8, 1), (-135.0, 371.0)],
[(8, 1), (-135.0, 371.0)],
[(10, 0), (-54.0, 397.0)],
[(11, 3), (-9.0, 318.0)],
[(10, 14), (-53.0, -92.0)],
[(10, 14), (-53.0, -92.0)],
[(17, 22), (210.0, -369.0)],
[(17, 22), (210.0, -369.0)],
[(20, 2), (310.0, 334.0)],
[(20, 3), (310.0, 309.0)],
[(12, 23), (19.0, -425.0)],
[(10, 10), (-56.0, 68.0)],
[(12, 7), (0.0, 168.0)],
[(12, 4), (19.0, 271.0)],
[(12, 4), (19.0, 271.0)],
[(13, 1), (50.0, 380.0)],
[(17, 22), (210.0, -369.0)],
[(17, 22), (210.0, -369.0)],
[(20, 2), (310.0, 334.0)],
[(20, 3), (310.0, 309.0)],
[(12, 23), (19.0, -425.0)],
[(10, 10), (-56.0, 68.0)],
[(12, 7), (0.0, 168.0)],
[(12, 4), (19.0, 271.0)],
[(12, 4), (19.0, 271.0)],
[(13, 1), (50.0, 380.0)],
[(13, 1), (50.0, 380.0)],

]