[
[ 1 , (-116.64617092752042, 176) ],
[ 2 , (-85.46925639128062, 176) ],
[ 3 , (-54.29234185504083, 176) ],
[ 4 , (39.23840175367853, 176) ],
[ 5 , (70.41531628991832, 176) ],
[ 6 , (163.94605989863769, 176) ],
[ 7 , (-132.2346281956403, 149.0) ],
[ 8 , (-101.05771365940052, 149.0) ],
[ 9 , (-69.88079912316073, 149.0) ],
[ 10 , (-38.703884586920935, 149.0) ],
[ 11 , (54.82685902179843, 149.0) ],
[ 12 , (148.3576026305178, 149.0) ],
[ 13 , (179.53451716675758, 149.0) ],
[ 14 , (-179, 122.0) ],
[ 15 , (-147.8230854637602, 122.0) ],
[ 16 , (-116.64617092752042, 122.0) ],
[ 17 , (-85.46925639128062, 122.0) ],
[ 18 , (-23.115427318801043, 122.0) ],
[ 19 , (132.7691453623979, 122.0) ],
[ 20 , (-132.2346281956403, 95.0) ],
[ 21 , (-69.88079912316073, 95.0) ],
[ 22 , (-38.703884586920935, 95.0) ],
[ 23 , (23.649944485558642, 95.0) ],
[ 24 , (86.00377355803822, 95.0) ],
[ 25 , (148.3576026305178, 95.0) ],
[ 26 , (179.53451716675758, 95.0) ],
[ 27 , (-179, 68.0) ],
[ 28 , (-147.8230854637602, 68.0) ],
[ 29 , (-85.46925639128062, 68.0) ],
[ 30 , (-23.115427318801043, 68.0) ],
[ 31 , (39.23840175367853, 68.0) ],
[ 32 , (70.41531628991832, 68.0) ],
[ 33 , (132.7691453623979, 68.0) ],
[ 34 , (-163.4115427318801, 41.0) ],
[ 35 , (-101.05771365940052, 41.0) ],
[ 36 , (-7.526970050681147, 41.0) ],
[ 37 , (54.82685902179843, 41.0) ],
[ 38 , (117.18068809427801, 41.0) ],
[ 39 , (-179, 14.0) ],
[ 40 , (-147.8230854637602, 14.0) ],
[ 41 , (-116.64617092752042, 14.0) ],
[ 42 , (-54.29234185504083, 14.0) ],
[ 43 , (-23.115427318801043, 14.0) ],
[ 44 , (8.061487217438746, 14.0) ],
[ 45 , (101.59223082615812, 14.0) ],
[90,(101.59223082615812, 122.0)],
[ 46 , (163.94605989863769, 14.0) ],
[ 47 , (-101.05771365940052, -13.0) ],
[ 48 , (-69.88079912316073, -13.0) ],
[ 49 , (-38.703884586920935, -13.0) ],
[ 50 , (-7.526970050681147, -13.0) ],
[ 51 , (54.82685902179843, -13.0) ],
[ 52 , (117.18068809427801, -13.0) ],
[ 53 , (-179, -40.0) ],
[ 54 , (-147.8230854637602, -40.0) ],
[ 55 , (-116.64617092752042, -40.0) ],
[ 56 , (-85.46925639128062, -40.0) ],
[ 57 , (-23.115427318801043, -40.0) ],
[ 58 , (8.061487217438746, -40.0) ],
[ 59 , (101.59223082615812, -40.0) ],
[ 60 , (132.7691453623979, -40.0) ],
[ 61 , (163.94605989863769, -40.0) ],
[ 62 , (-163.4115427318801, -67.0) ],
[ 63 , (-132.2346281956403, -67.0) ],
[ 64 , (-101.05771365940052, -67.0) ],
[ 65 , (-7.526970050681147, -67.0) ],
[ 66 , (23.649944485558642, -67.0) ],
[ 67 , (86.00377355803822, -67.0) ],
[ 68 , (117.18068809427801, -67.0) ],
[ 69 , (148.3576026305178, -67.0) ],
[ 70 , (179.53451716675758, -67.0) ],
[ 71 , (-116.64617092752042, -94.0) ],
[ 72 , (-85.46925639128062, -94.0) ],
[ 73 , (-54.29234185504083, -94.0) ],
[ 74 , (-23.115427318801043, -94.0) ],
[ 75 , (39.23840175367853, -94.0) ],
[ 76 , (70.41531628991832, -94.0) ],
[ 77 , (132.7691453623979, -94.0) ],
[ 78 , (-163.4115427318801, -121.0) ],
[ 79 , (-101.05771365940052, -121.0) ],
[ 80 , (-7.526970050681147, -121.0) ],
[ 81 , (23.649944485558642, -121.0) ],
[ 82 , (54.82685902179843, -121.0) ],
[ 83 , (86.00377355803822, -121.0) ],
[ 84 , (117.18068809427801, -121.0) ],
[ 85 , (-116.64617092752042, -148.0) ],
[ 86 , (-85.46925639128062, -148.0) ],
[ 87 , (-54.29234185504083, -148.0) ],
[ 88 , (39.23840175367853, -148.0) ],
[ 89 , (70.41531628991832, -148.0) ],
[ 90 , (163.94605989863769, -148.0) ],
[ 91 , (-132.2346281956403, -175.0) ],
[ 92 , (-101.05771365940052, -175.0) ],
[ 93 , (-69.88079912316073, -175.0) ],
[ 94 , (-38.703884586920935, -175.0) ],
[ 95 , (54.82685902179843, -175.0) ],
[ 96 , (148.3576026305178, -175.0) ],
[ 97 , (179.53451716675758, -175.0) ],
[(1, 0), (-115.0, 161.0)],
[(1, 0), (-115.0, 161.0)],
[(1, 1), (-131.0, 132.0)],
[(1, 1), (-131.0, 132.0)],
[(1, 1), (-131.0, 109.0)],
[(1, 1), (-131.0, 109.0)],
[(2, 0), (-86.0, 164.0)],
[(2, 0), (-86.0, 164.0)],
[(3, 0), (-56.0, 158.0)],
[(3, 0), (-56.0, 158.0)],
[(2, 1), (-89.0, 133.0)],
[(2, 1), (-89.0, 133.0)],
[(3, 2), (-53.0, 95.0)],
[(3, 2), (-53.0, 95.0)],
[(6, 0), (52.0, 168.0)],
[(6, 0), (52.0, 168.0)],
[(6, 0), (52.0, 168.0)],
[(9, 0), (162.0, 161.0)],
[(9, 0), (162.0, 161.0)],
[(9, 0), (162.0, 161.0)],
[(9, 2), (163.0, 95.0)],
[(9, 2), (163.0, 95.0)],
[(8, 1), (139.0, 110.0)],
[(8, 1), (139.0, 110.0)],
[(8, 1), (139.0, 110.0)],
[(6, 3), (53.0, 59.0)],
[(6, 3), (53.0, 59.0)],
[(6, 3), (53.0, 59.0)],
[(8, 5), (116.0, -32.0)],
[(8, 5), (116.0, -32.0)],
[(8, 6), (132.0, -59.0)],
[(8, 6), (132.0, -59.0)],
[(9, 6), (161.0, -58.0)],
[(9, 6), (161.0, -58.0)],
[(7, 6), (101.0, -57.0)],
[(7, 6), (101.0, -57.0)],
[(6, 7), (57.0, -104.0)],
[(6, 7), (57.0, -104.0)],
[(6, 8), (71.0, -127.0)],
[(6, 8), (71.0, -127.0)],
[(6, 8), (38.0, -131.0)],
[(6, 8), (38.0, -131.0)],
[(6, 9), (51.0, -158.0)],
[(6, 9), (51.0, -158.0)],
[(6, 9), (52.0, -158.0)],
[(9, 9), (161.0, -166.0)],
[(9, 9), (161.0, -166.0)],
[(9, 9), (161.0, -166.0)],
[(3, 9), (-47.0, -165.0)],
[(3, 9), (-47.0, -165.0)],
[(2, 9), (-90.0, -158.0)],
[(2, 9), (-90.0, -158.0)],
[(2, 9), (-73.0, -160.0)],
[(2, 9), (-73.0, -160.0)],
[(1, 9), (-117.0, -167.0)],
[(2, 7), (-100.0, -99.0)],
[(2, 7), (-100.0, -99.0)],
[(4, 6), (-6.0, -51.0)],
[(4, 6), (-6.0, -51.0)],
[(5, 6), (8.0, -59.0)],
[(5, 6), (8.0, -59.0)],
[(4, 4), (-10.0, 1.0)],
[(4, 4), (-10.0, 1.0)],
[(3, 4), (-42.0, 1.0)],
[(3, 4), (-42.0, 1.0)],
[(2, 5), (-85.0, -19.0)],
[(2, 5), (-85.0, -19.0)],
[(2, 6), (-102.0, -48.0)],
[(2, 6), (-102.0, -48.0)],
[(1, 6), (-133.0, -52.0)],
[(1, 6), (-133.0, -52.0)],
[(0, 6), (-162.0, -52.0)],
[(0, 6), (-162.0, -52.0)],
[(0, 4), (-165.0, 30.0)],
[(0, 4), (-165.0, 30.0)],
[(0, 3), (-165.0, 58.0)],
[(0, 3), (-165.0, 58.0)],
[(6, 3), (55.0, 57.0)],
[(0, 1), (-165.0, 122.0)],


]