[[ 1 , (-241.64617092752042, 301) ],
[ 2 , (-210.46925639128062, 301) ],
[ 3 , (-179.29234185504083, 301) ],
[ 4 , (-85.76159824632146, 301) ],
[ 5 , (-54.58468371008166, 301) ],
[ 6 , (70.12297443487749, 301) ],
[ 7 , (132.47680350735706, 301) ],
[ 8 , (163.65371804359685, 301) ],
[ 9 , (194.83063257983665, 301) ],
[ 10 , (226.00754711607644, 301) ],
[ 11 , (288.361376188556, 301) ],
[ 12 , (-257.2346281956403, 274.0) ],
[ 13 , (-226.05771365940052, 274.0) ],
[ 14 , (-194.88079912316073, 274.0) ],
[ 15 , (-163.70388458692094, 274.0) ],
[ 16 , (-70.17314097820156, 274.0) ],
[ 17 , (54.534517166757595, 274.0) ],
[ 18 , (85.71143170299739, 274.0) ],
[ 19 , (148.06526077547696, 274.0) ],
[ 20 , (179.24217531171675, 274.0) ],
[ 21 , (210.41908984795654, 274.0) ],
[ 22 , (272.7729189204361, 274.0) ],
[ 23 , (303.9498334566759, 274.0) ],
[ 24 , (-304, 247.0) ],
[ 25 , (-272.8230854637602, 247.0) ],
[ 26 , (-241.64617092752042, 247.0) ],
[ 27 , (-210.46925639128062, 247.0) ],
[ 28 , (-148.11542731880104, 247.0) ],
[ 29 , (7.769145362397914, 247.0) ],
[ 30 , (70.12297443487749, 247.0) ],
[ 31 , (101.29988897111728, 247.0) ],
[ 32 , (132.47680350735706, 247.0) ],
[ 33 , (257.1844616523162, 247.0) ],
[ 34 , (-257.2346281956403, 220.0) ],
[ 35 , (-194.88079912316073, 220.0) ],
[ 36 , (-163.70388458692094, 220.0) ],
[ 37 , (-38.99622644196177, 220.0) ],
[ 38 , (23.35760263051781, 220.0) ],
[ 39 , (54.534517166757595, 220.0) ],
[ 40 , (85.71143170299739, 220.0) ],
[ 41 , (148.06526077547696, 220.0) ],
[ 42 , (179.24217531171675, 220.0) ],
[ 43 , (210.41908984795654, 220.0) ],
[ 44 , (272.7729189204361, 220.0) ],
[ 45 , (303.9498334566759, 220.0) ],
[ 46 , (-304, 193.0) ],
[ 47 , (-272.8230854637602, 193.0) ],
[ 48 , (-210.46925639128062, 193.0) ],
[ 49 , (-148.11542731880104, 193.0) ],
[ 50 , (-85.76159824632146, 193.0) ],
[ 51 , (-54.58468371008166, 193.0) ],
[ 52 , (7.769145362397914, 193.0) ],
[ 53 , (70.12297443487749, 193.0) ],
[ 54 , (101.29988897111728, 193.0) ],
[ 55 , (132.47680350735706, 193.0) ],
[ 56 , (257.1844616523162, 193.0) ],
[ 57 , (-288.4115427318801, 166.0) ],
[ 58 , (-226.05771365940052, 166.0) ],
[ 59 , (-132.52697005068114, 166.0) ],
[ 60 , (-70.17314097820156, 166.0) ],
[ 61 , (-7.819311905721978, 166.0) ],
[ 62 , (54.534517166757595, 166.0) ],
[ 63 , (85.71143170299739, 166.0) ],
[ 64 , (116.88834623923718, 166.0) ],
[ 65 , (148.06526077547696, 166.0) ],
[ 66 , (241.59600438419633, 166.0) ],
[ 67 , (-304, 139.0) ],
[ 68 , (-272.8230854637602, 139.0) ],
[ 69 , (-241.64617092752042, 139.0) ],
[ 70 , (-179.29234185504083, 139.0) ],
[ 71 , (-116.93851278256125, 139.0) ],
[ 72 , (-23.407769173841874, 139.0) ],
[ 73 , (38.9460598986377, 139.0) ],
[ 74 , (70.12297443487749, 139.0) ],
[ 75 , (163.65371804359685, 139.0) ],
[ 76 , (194.83063257983665, 139.0) ],
[ 77 , (226.00754711607644, 139.0) ],
[ 78 , (288.361376188556, 139.0) ],
[ 79 , (-226.05771365940052, 112.0) ],
[ 80 , (-132.52697005068114, 112.0) ],
[ 81 , (-70.17314097820156, 112.0) ],
[ 82 , (-7.819311905721978, 112.0) ],
[ 83 , (54.534517166757595, 112.0) ],
[ 84 , (85.71143170299739, 112.0) ],
[ 85 , (148.06526077547696, 112.0) ],
[ 86 , (272.7729189204361, 112.0) ],
[ 87 , (303.9498334566759, 112.0) ],
[ 88 , (-304, 85.0) ],
[ 89 , (-272.8230854637602, 85.0) ],
[ 90 , (-241.64617092752042, 85.0) ],
[ 91 , (-210.46925639128062, 85.0) ],
[ 92 , (-148.11542731880104, 85.0) ],
[ 93 , (-116.93851278256125, 85.0) ],
[ 94 , (-23.407769173841874, 85.0) ],
[ 95 , (7.769145362397914, 85.0) ],
[ 96 , (38.9460598986377, 85.0) ],
[ 97 , (101.29988897111728, 85.0) ],
[ 98 , (163.65371804359685, 85.0) ],
[ 99 , (194.83063257983665, 85.0) ],
[ 100 , (226.00754711607644, 85.0) ],
[ 101 , (257.1844616523162, 85.0) ],
[ 102 , (-288.4115427318801, 58.0) ],
[ 103 , (-257.2346281956403, 58.0) ],
[ 104 , (-226.05771365940052, 58.0) ],
[ 105 , (-132.52697005068114, 58.0) ],
[ 106 , (-101.35005551444135, 58.0) ],
[ 107 , (-38.99622644196177, 58.0) ],
[ 108 , (-7.819311905721978, 58.0) ],
[ 109 , (23.35760263051781, 58.0) ],
[ 110 , (116.88834623923718, 58.0) ],
[ 111 , (179.24217531171675, 58.0) ],
[ 112 , (210.41908984795654, 58.0) ],
[ 113 , (241.59600438419633, 58.0) ],
[ 114 , (-241.64617092752042, 31.0) ],
[ 115 , (-210.46925639128062, 31.0) ],
[ 116 , (-179.29234185504083, 31.0) ],
[ 117 , (-148.11542731880104, 31.0) ],
[ 118 , (-85.76159824632146, 31.0) ],
[ 119 , (-54.58468371008166, 31.0) ],
[ 120 , (7.769145362397914, 31.0) ],
[ 121 , (70.12297443487749, 31.0) ],
[ 122 , (132.47680350735706, 31.0) ],
[ 123 , (226.00754711607644, 31.0) ],
[ 124 , (288.361376188556, 31.0) ],
[ 125 , (-288.4115427318801, 4.0) ],
[ 126 , (-226.05771365940052, 4.0) ],
[ 127 , (-132.52697005068114, 4.0) ],
[ 128 , (-101.35005551444135, 4.0) ],
[ 129 , (-70.17314097820156, 4.0) ],
[ 130 , (-38.99622644196177, 4.0) ],
[ 131 , (-7.819311905721978, 4.0) ],
[ 132 , (116.88834623923718, 4.0) ],
[ 133 , (241.59600438419633, 4.0) ],
[ 134 , (-241.64617092752042, -23.0) ],
[ 135 , (-210.46925639128062, -23.0) ],
[ 136 , (-179.29234185504083, -23.0) ],
[ 137 , (-85.76159824632146, -23.0) ],
[ 138 , (-54.58468371008166, -23.0) ],
[ 139 , (70.12297443487749, -23.0) ],
[ 140 , (132.47680350735706, -23.0) ],
[ 141 , (163.65371804359685, -23.0) ],
[ 142 , (194.83063257983665, -23.0) ],
[ 143 , (226.00754711607644, -23.0) ],
[ 144 , (288.361376188556, -23.0) ],
[ 145 , (-257.2346281956403, -50.0) ],
[ 146 , (-226.05771365940052, -50.0) ],
[ 147 , (-194.88079912316073, -50.0) ],
[ 148 , (-163.70388458692094, -50.0) ],
[ 149 , (-70.17314097820156, -50.0) ],
[ 150 , (54.534517166757595, -50.0) ],
[ 151 , (85.71143170299739, -50.0) ],
[ 152 , (148.06526077547696, -50.0) ],
[ 153 , (179.24217531171675, -50.0) ],
[ 154 , (210.41908984795654, -50.0) ],
[ 155 , (272.7729189204361, -50.0) ],
[ 156 , (303.9498334566759, -50.0) ],
[ 157 , (-304, -77.0) ],
[ 158 , (-272.8230854637602, -77.0) ],
[ 159 , (-210.46925639128062, -77.0) ],
[ 160 , (-148.11542731880104, -77.0) ],
[ 161 , (-85.76159824632146, -77.0) ],
[ 162 , (-54.58468371008166, -77.0) ],
[ 163 , (7.769145362397914, -77.0) ],
[ 164 , (70.12297443487749, -77.0) ],
[ 165 , (101.29988897111728, -77.0) ],
[ 166 , (132.47680350735706, -77.0) ],
[ 167 , (257.1844616523162, -77.0) ],
[ 168 , (-288.4115427318801, -104.0) ],
[ 169 , (-257.2346281956403, -104.0) ],
[ 170 , (-194.88079912316073, -104.0) ],
[ 171 , (-163.70388458692094, -104.0) ],
[ 172 , (-38.99622644196177, -104.0) ],
[ 173 , (23.35760263051781, -104.0) ],
[ 174 , (54.534517166757595, -104.0) ],
[ 175 , (85.71143170299739, -104.0) ],
[ 176 , (116.88834623923718, -104.0) ],
[ 177 , (148.06526077547696, -104.0) ],
[ 178 , (179.24217531171675, -104.0) ],
[ 179 , (210.41908984795654, -104.0) ],
[ 180 , (272.7729189204361, -104.0) ],
[ 181 , (303.9498334566759, -104.0) ],
[ 182 , (-304, -131.0) ],
[ 183 , (-272.8230854637602, -131.0) ],
[ 184 , (-210.46925639128062, -131.0) ],
[ 185 , (-148.11542731880104, -131.0) ],
[ 186 , (-85.76159824632146, -131.0) ],
[ 187 , (-54.58468371008166, -131.0) ],
[ 188 , (7.769145362397914, -131.0) ],
[ 189 , (70.12297443487749, -131.0) ],
[ 190 , (101.29988897111728, -131.0) ],
[ 191 , (132.47680350735706, -131.0) ],
[ 192 , (257.1844616523162, -131.0) ],
[ 193 , (-288.4115427318801, -158.0) ],
[ 194 , (-226.05771365940052, -158.0) ],
[ 195 , (-132.52697005068114, -158.0) ],
[ 196 , (-70.17314097820156, -158.0) ],
[ 197 , (-7.819311905721978, -158.0) ],
[ 198 , (54.534517166757595, -158.0) ],
[ 199 , (85.71143170299739, -158.0) ],
[ 200 , (116.88834623923718, -158.0) ],
[ 201 , (148.06526077547696, -158.0) ],
[ 202 , (241.59600438419633, -158.0) ],
[ 203 , (-304, -185.0) ],
[ 204 , (-272.8230854637602, -185.0) ],
[ 205 , (-241.64617092752042, -185.0) ],
[ 206 , (-116.93851278256125, -185.0) ],
[ 207 , (-23.407769173841874, -185.0) ],
[ 208 , (7.769145362397914, -185.0) ],
[ 209 , (38.9460598986377, -185.0) ],
[ 210 , (70.12297443487749, -185.0) ],
[ 211 , (101.29988897111728, -185.0) ],
[ 212 , (163.65371804359685, -185.0) ],
[ 213 , (194.83063257983665, -185.0) ],
[ 214 , (-226.05771365940052, -212.0) ],
[ 215 , (-132.52697005068114, -212.0) ],
[ 216 , (-70.17314097820156, -212.0) ],
[ 217 , (-7.819311905721978, -212.0) ],
[ 218 , (54.534517166757595, -212.0) ],
[ 219 , (85.71143170299739, -212.0) ],
[ 220 , (148.06526077547696, -212.0) ],
[ 221 , (272.7729189204361, -212.0) ],
[ 222 , (303.9498334566759, -212.0) ],
[ 223 , (-304, -239.0) ],
[ 224 , (-272.8230854637602, -239.0) ],
[ 225 , (-210.46925639128062, -239.0) ],
[ 226 , (-148.11542731880104, -239.0) ],
[ 227 , (-116.93851278256125, -239.0) ],
[ 228 , (-85.76159824632146, -239.0) ],
[ 229 , (-54.58468371008166, -239.0) ],
[ 230 , (-23.407769173841874, -239.0) ],
[ 231 , (7.769145362397914, -239.0) ],
[ 232 , (38.9460598986377, -239.0) ],
[ 233 , (101.29988897111728, -239.0) ],
[ 234 , (163.65371804359685, -239.0) ],
[ 235 , (194.83063257983665, -239.0) ],
[ 236 , (257.1844616523162, -239.0) ],
[ 237 , (-288.4115427318801, -266.0) ],
[ 238 , (-226.05771365940052, -266.0) ],
[ 239 , (-132.52697005068114, -266.0) ],
[ 240 , (-101.35005551444135, -266.0) ],
[ 241 , (-70.17314097820156, -266.0) ],
[ 242 , (-38.99622644196177, -266.0) ],
[ 243 , (-7.819311905721978, -266.0) ],
[ 244 , (23.35760263051781, -266.0) ],
[ 245 , (116.88834623923718, -266.0) ],
[ 246 , (179.24217531171675, -266.0) ],
[ 247 , (241.59600438419633, -266.0) ],
[ 248 , (-241.64617092752042, -293.0) ],
[ 249 , (-210.46925639128062, -293.0) ],
[ 250 , (-179.29234185504083, -293.0) ],
[ 251 , (-148.11542731880104, -293.0) ],
[ 252 , (-85.76159824632146, -293.0) ],
[ 253 , (-54.58468371008166, -293.0) ],
[ 254 , (7.769145362397914, -293.0) ],
[ 255 , (70.12297443487749, -293.0) ],
[ 256 , (132.47680350735706, -293.0) ],
[ 257 , (226.00754711607644, -293.0) ],
[ 258 , (288.361376188556, -293.0) ],
[ 1, (257.1844616523162, -293.0)],
[ 1, (-132.52697005068114, -104.0)],
[ 1, (-257.2346281956403, 112.0)],
[1, (257.1844616523162, -185.0)],
[1, (-101.35005551444135, 220.0)],
[1, (-148.11542731880104, 139.0)],
[1, (-101.35005551444135, -104.0)],
[(1, 0), (-237.0, 295.0)],
[(1, 0), (-237.0, 295.0)],
[(3, 0), (-198.0, 286.0)],
[(3, 0), (-198.0, 286.0)],
[(2, 0), (-233.0, 274.0)],
[(2, 0), (-233.0, 274.0)],
[(2, 0), (-233.0, 274.0)],
[(1, 0), (-237.0, 295.0)],
[(3, 0), (-198.0, 286.0)],
[(3, 0), (-198.0, 286.0)],
[(2, 0), (-233.0, 274.0)],
[(2, 0), (-233.0, 274.0)],
[(2, 0), (-233.0, 274.0)],
[(1, 1), (-256.0, 240.0)],
[(1, 1), (-256.0, 240.0)],
[(0, 3), (-293.0, 187.0)],
[(0, 3), (-293.0, 187.0)],
[(3, 2), (-178.0, 226.0)],
[(3, 2), (-178.0, 226.0)],
[(1, 4), (-265.0, 141.0)],
[(1, 4), (-265.0, 141.0)],
[(2, 5), (-221.0, 98.0)],
[(2, 5), (-221.0, 98.0)],
[(2, 6), (-222.0, 70.0)],
[(2, 6), (-222.0, 70.0)],
[(1, 6), (-268.0, 71.0)],
[(1, 6), (-268.0, 71.0)],
[(2, 7), (-223.0, 32.0)],
[(2, 7), (-223.0, 32.0)],
[(2, 8), (-216.0, -5.0)],
[(2, 8), (-216.0, -5.0)],
[(2, 9), (-211.0, -39.0)],
[(2, 9), (-211.0, -39.0)],
[(3, 9), (-175.0, -50.0)],
[(3, 9), (-175.0, -50.0)],
[(6, 8), (-81.0, 7.0)],
[(6, 8), (-81.0, 7.0)],
[(6, 7), (-67.0, 20.0)],
[(6, 7), (-67.0, 20.0)],
[(7, 8), (-24.0, 3.0)],
[(7, 8), (-24.0, 3.0)],
[(6, 8), (-71.0, -16.0)],
[(6, 8), (-71.0, -16.0)],
[(6, 9), (-64.0, -44.0)],
[(6, 9), (-64.0, -44.0)],
[(6, 10), (-61.0, -72.0)],
[(6, 10), (-61.0, -72.0)],
[(6, 10), (-73.0, -72.0)],
[(6, 10), (-73.0, -72.0)],
[(8, 5), (2.0, 92.0)],
[(8, 5), (2.0, 92.0)],
[(6, 10), (-61.0, -72.0)],
[(6, 10), (-61.0, -72.0)],
[(6, 10), (-73.0, -72.0)],
[(6, 10), (-73.0, -72.0)],
[(8, 5), (2.0, 92.0)],
[(8, 5), (2.0, 92.0)],
[(8, 6), (-9.0, 78.0)],
[(8, 6), (-9.0, 78.0)],
[(9, 6), (20.0, 59.0)],
[(9, 6), (20.0, 59.0)],
[(8, 4), (-17.0, 130.0)],
[(8, 3), (3.0, 182.0)],
[(9, 2), (38.0, 218.0)],
[(6, 3), (-69.0, 180.0)],
[(6, 3), (-69.0, 180.0)],
[(6, 3), (-69.0, 180.0)],
[(10, 2), (75.0, 215.0)],
[(10, 2), (75.0, 215.0)],
[(10, 3), (84.0, 179.0)],
[(10, 3), (84.0, 179.0)],
[(11, 3), (118.0, 178.0)],
[(11, 3), (118.0, 178.0)],
[(13, 2), (165.0, 224.0)],
[(11, 3), (118.0, 178.0)],
[(13, 2), (165.0, 224.0)],
[(11, 1), (117.0, 250.0)],
[(10, 0), (66.0, 275.0)],
[(13, 0), (162.0, 292.0)],
[(13, 0), (162.0, 292.0)],
[(13, 0), (185.0, 285.0)],
[(13, 0), (185.0, 285.0)],
[(16, 0), (288.0, 280.0)],
[(15, 2), (266.0, 212.0)],
[(15, 4), (235.0, 155.0)],
[(16, 5), (285.0, 118.0)],
[(15, 6), (238.0, 79.0)],
[(13, 6), (191.0, 68.0)],
[(13, 6), (196.0, 70.0)],
[(13, 6), (196.0, 70.0)],
[(15, 6), (243.0, 77.0)],
[(15, 6), (243.0, 77.0)],
[(15, 4), (235.0, 155.0)],
[(16, 5), (285.0, 118.0)],
[(15, 6), (238.0, 79.0)],
[(13, 6), (191.0, 68.0)],
[(13, 6), (196.0, 70.0)],
[(13, 6), (196.0, 70.0)],
[(15, 6), (243.0, 77.0)],
[(15, 6), (243.0, 77.0)],
[(14, 7), (227.0, 51.0)],
[(14, 7), (227.0, 51.0)],
[(12, 5), (155.0, 103.0)],
[(12, 9), (150.0, -28.0)],
[(12, 9), (150.0, -28.0)],
[(14, 9), (214.0, -39.0)],
[(14, 9), (214.0, -39.0)],
[(10, 10), (87.0, -74.0)],
[(10, 10), (87.0, -74.0)],
[(11, 11), (93.0, -98.0)],
[(14, 9), (214.0, -39.0)],
[(14, 9), (214.0, -39.0)],
[(10, 10), (87.0, -74.0)],
[(10, 10), (87.0, -74.0)],
[(11, 11), (93.0, -98.0)],
[(11, 11), (93.0, -98.0)],
[(12, 11), (138.0, -108.0)],
[(12, 11), (138.0, -108.0)],
[(11, 12), (101.0, -132.0)],
[(11, 12), (101.0, -132.0)],
[(11, 13), (101.0, -166.0)],
[(11, 13), (101.0, -166.0)],
[(9, 13), (53.0, -179.0)],
[(9, 13), (53.0, -179.0)],
[(10, 14), (72.0, -205.0)],
[(10, 14), (72.0, -205.0)],
[(15, 11), (265.0, -115.0)],
[(16, 9), (287.0, -38.0)],
[(16, 9), (287.0, -38.0)],
[(0, 11), (-277.0, -107.0)],
[(0, 11), (-277.0, -107.0)],
[(0, 12), (-286.0, -128.0)],
[(0, 12), (-286.0, -128.0)],
[(4, 15), (-130.0, -237.0)],
[(4, 15), (-130.0, -237.0)],
[(5, 15), (-93.0, -259.0)],
[(5, 15), (-93.0, -259.0)],
[(7, 15), (-43.0, -268.0)],
[(7, 15), (-43.0, -268.0)],
[(8, 15), (-17.0, -251.0)],
[(8, 15), (-17.0, -251.0)],
[(8, 13), (-2.0, -184.0)],
[(8, 13), (-2.0, -184.0)],
[(11, 15), (108.0, -251.0)],
[(13, 15), (178.0, -244.0)],
[(13, 15), (180.0, -244.0)],
[(13, 15), (180.0, -244.0)],
[(15, 16), (236.0, -277.0)],
[(15, 14), (264.0, -227.0)],
[(13, 13), (179.0, -186.0)],
[(15, 12), (247.0, -143.0)],
[(15, 12), (247.0, -143.0)],
[(16, 14), (287.0, -213.0)],
[(16, 14), (287.0, -213.0)],
[(15, 15), (252.0, -252.0)],
[(15, 15), (252.0, -252.0)],
[(11, 16), (123.0, -279.0)],
[(11, 16), (123.0, -279.0)],
[(8, 13), (-11.0, -196.0)],
[(8, 13), (-11.0, -196.0)],
[(8, 16), (10.0, -278.0)],
[(8, 16), (10.0, -278.0)],
[(6, 16), (-70.0, -290.0)],
[(6, 16), (-70.0, -290.0)],
[(5, 15), (-113.0, -264.0)],
[(5, 15), (-113.0, -264.0)],
[(3, 16), (-166.0, -290.0)],
[(3, 16), (-166.0, -290.0)],
[(2, 16), (-227.0, -289.0)],
[(2, 16), (-227.0, -289.0)],
[(2, 15), (-215.0, -250.0)],
[(2, 15), (-215.0, -250.0)],
[(2, 13), (-234.0, -194.0)],
[(2, 13), (-234.0, -194.0)],
[(0, 13), (-296.0, -169.0)],
[(0, 13), (-296.0, -169.0)],
[(0, 15), (-289.0, -244.0)],
[(0, 15), (-289.0, -244.0)],
[(3, 11), (-176.0, -109.0)],
[(3, 11), (-176.0, -109.0)],
[(4, 12), (-138.0, -142.0)],
[(5, 13), (-124.0, -172.0)],
[(2, 12), (-218.0, -145.0)],
[(6, 12), (-71.0, -138.0)],
[(7, 11), (-48.0, -96.0)],
[(8, 11), (13.0, -118.0)],
[(10, 9), (68.0, -38.0)],
[(12, 7), (129.0, 22.0)],
[(0, 6), (-287.0, 72.0)],
[(0, 6), (-287.0, 72.0)],
[(5, 6), (-122.0, 74.0)],
[(5, 6), (-122.0, 74.0)],
[(5, 4), (-121.0, 155.0)],
[(10, 5), (68.0, 124.0)],
[(13, 9), (164.0, -41.0)],
[(13, 9), (164.0, -41.0)],
[(15, 7), (235.0, 19.0)],
[(15, 3), (250.0, 182.0)],
[(15, 1), (263.0, 261.0)],
[(14, 4), (210.0, 140.0)],
[(13, 4), (182.0, 140.0)],
[(11, 3), (102.0, 171.0)],
[(11, 3), (102.0, 171.0)],
[(10, 4), (55.0, 148.0)],
[(10, 10), (73.0, -59.0)],
[(4, 5), (-131.0, 94.0)],
[(10, 10), (73.0, -59.0)],
[(4, 5), (-131.0, 94.0)],

]