[[(26, 21), 3, [(-142.6925639128063, 322.0), (-111.5156493765665, 322.0), (-127.1041066446864, 295.0)]],
[(18, 17), 1, [(-407.69633747084447, 457.0)]],
[(59, 55), 1, [(1062.015094232153, -920.0)]],
[(17, 58), 1, [(-454.46170927520416, -1028.0)]],
[(29, 32), 2, [(-33.57336303596702, -83.0), (-2.396448499727285, -83.0)]],
[(8, 9), 2, [(-766.2308546376021, 754.0), (-781.819311905722, 727.0)]],
[(0, 5), 1, [(-1062.4115427318802, 889.0)]],
[(40, 41), 2, [(360.5345171667576, -407.0), (391.7114317029974, -407.0)]],
[(19, 18), 3, [(-392.1078802027246, 430.0), (-360.9309656664848, 430.0), (-376.5194229346047, 403.0)]],
[(11, 14), 1, [(-657.1116537607628, 565.0)]],
[(6, 48), 3, [(-859.7615982463215, -650.0), (-828.5846837100817, -650.0), (-844.1731409782016, -677.0)]],
[(56, 21), 3, [(937.3074360871938, 322.0), (968.4843506234336, 322.0), (952.8958933553135, 295.0)]],
[(3, 15), 3, [(-953.2923418550408, 538.0), (-968.8807991231607, 511.0), (-937.7038845869209, 511.0)]],
[(22, 28), 1, [(-267.40022205776546, 52.0)]],
[(14, 24), 2, [(-547.9924528839235, 214.0), (-563.5809101520434, 187.0)]],
[(46, 13), 1, [(594.361376188556, 592.0)]],
[(59, 32), 2, [(1046.426636964033, -83.0), (1077.6035515002727, -83.0)]],
[(38, 9), 2, [(313.7691453623979, 754.0), (298.180688094278, 727.0)]],
[(49, 18), 3, [(687.8921197972754, 430.0), (719.0690343335152, 430.0), (703.4805770653953, 403.0)]],
[(36, 48), 3, [(220.23840175367854, -650.0), (251.41531628991834, -650.0), (235.82685902179844, -677.0)]],
[(15, 25), 1, [(-516.8155383476837, 160.0)]],
[(7, 21), 2, [(-797.4077691738419, 322.0), (-812.9962264419618, 295.0)]],
[(30, 4), 2, [(2, 916.0), (33.17691453623979, 916.0)]],
[(33, 15), 3, [(126.70765814495917, 538.0), (111.11920087683927, 511.0), (142.29611541307906, 511.0)]],
[(52, 28), 1, [(812.5997779422346, 52.0)]],
[(25, 11), 1, [(-158.2810211809262, 673.0)]],
[(44, 24), 2, [(532.0075471160765, 214.0), (516.4190898479566, 187.0)]],
[(2, 27), 2, [(-984.4692563912806, 106.0), (-1000.0577136594005, 79.0)]],
[(22, 5), 1, [(-282.98867932588536, 889.0)]],
[(14, 1), 1, [(-547.9924528839235, 1024.0)]],
[(45, 25), 1, [(563.1844616523163, 160.0)]],
[(37, 21), 2, [(282.59223082615813, 322.0), (267.00377355803823, 295.0)]],
[(3, 28), 1, [(-953.2923418550408, 52.0)]],
[(15, 2), 1, [(-532.4039956158036, 997.0)]],
[(47, 34), 1, [(625.5382907247958, -164.0)]],
[(26, 11), 1, [(-127.1041066446864, 673.0)]],
[(18, 7), 1, [(-423.28479473896437, 808.0)]],
[(9, 44), 1, [(-750.6423973694822, -515.0)]],
[(29, 22), 1, [(-17.98490576784718, 268.0)]],
[(21, 18), 2, [(-298.5771365940052, 430.0), (-314.1655938621251, 403.0)]],
[(11, 4), 1, [(-672.7001110288827, 916.0)]],
[(52, 5), 1, [(797.0113206741146, 889.0)]],
[(44, 1), 1, [(532.0075471160765, 1024.0)]],
[(10, 8), 2, [(-719.4654828332424, 781.0), (-688.2885682970026, 781.0)]],
[(54, 51), 2, [(874.9536070147142, -758.0), (890.542064282834, -785.0)]],
[(33, 28), 1, [(126.70765814495917, 52.0)]],
[(25, 24), 2, [(-173.86947844904608, 214.0), (-158.2810211809262, 187.0)]],
[(53, 6), 3, [(843.7766924784744, 862.0), (828.1882352103544, 835.0), (859.3651497465942, 835.0)]],
[(45, 2), 1, [(547.5960043841964, 997.0)]],
[(56, 11), 1, [(952.8958933553135, 673.0)]],
[(3, 5), 2, [(-968.8807991231607, 889.0), (-937.7038845869209, 889.0)]],
[(43, 41), 1, [(485.2421753117168, -407.0)]],
[(22, 18), 2, [(-267.40022205776546, 430.0), (-282.98867932588536, 403.0)]],
[(14, 14), 1, [(-563.5809101520434, 565.0)]],
[(59, 22), 1, [(1062.015094232153, 268.0)]],
[(28, 34), 1, [(-49.161820304086916, -164.0)]],
[(7, 11), 1, [(-812.9962264419618, 673.0)]],
[(48, 12), 2, [(656.7152052610356, 646.0), (672.3036625291555, 619.0)]],
[(40, 8), 2, [(360.5345171667576, 781.0), (391.7114317029974, 781.0)]],
[(6, 15), 3, [(-859.7615982463215, 538.0), (-828.5846837100817, 538.0), (-844.1731409782016, 511.0)]],
[(50, 58), 1, [(750.245948869755, -1028.0)]],
[(41, 9), 2, [(407.2998889711173, 754.0), (422.8883462392372, 727.0)]],
[(33, 5), 2, [(111.11920087683927, 889.0), (142.29611541307906, 889.0)]],
[(52, 18), 2, [(812.5997779422346, 430.0), (797.0113206741146, 403.0)]],
[(25, 1), 1, [(-173.86947844904608, 1024.0)]],
[(44, 14), 1, [(516.4190898479566, 565.0)]],
[(10, 21), 3, [(-703.8770255651225, 322.0), (-719.4654828332424, 295.0), (-688.2885682970026, 295.0)]],
[(2, 17), 1, [(-1000.0577136594005, 457.0)]],
[(34, 6), 2, [(157.88457268119896, 862.0), (173.47302994931886, 835.0)]],
[(13, 32), 1, [(-594.7578246882832, -83.0)]],
[(37, 11), 1, [(267.00377355803823, 673.0)]],
[(24, 41), 1, [(-189.45793571716598, -407.0)]],
[(3, 18), 3, [(-953.2923418550408, 430.0), (-968.8807991231607, 403.0), (-937.7038845869209, 403.0)]],
[(16, 37), 1, [(-485.63862381144395, -272.0)]],
[(36, 15), 3, [(220.23840175367854, 538.0), (251.41531628991834, 538.0), (235.82685902179844, 511.0)]],
[(55, 28), 1, [(906.130521550954, 52.0)]],
[(47, 24), 2, [(625.5382907247958, 214.0), (641.1267479929157, 187.0)]],
[(26, 1), 2, [(-142.6925639128063, 1024.0), (-111.5156493765665, 1024.0)]],
[(5, 27), 2, [(-890.9385127825612, 106.0), (-875.3500555144414, 79.0)]],
[(29, 12), 3, [(-17.98490576784718, 646.0), (-33.57336303596702, 619.0), (-2.396448499727285, 619.0)]],
[(21, 8), 1, [(-314.1655938621251, 781.0)]],
[(40, 21), 3, [(376.1229744348775, 322.0), (360.5345171667576, 295.0), (391.7114317029974, 295.0)]],
[(6, 28), 2, [(-859.7615982463215, 52.0), (-828.5846837100817, 52.0)]],
[(54, 41), 1, [(890.542064282834, -407.0)]],
[(33, 18), 3, [(126.70765814495917, 430.0), (111.11920087683927, 403.0), (142.29611541307906, 403.0)]],
[(25, 14), 1, [(-158.2810211809262, 565.0)]],
[(20, 48), 2, [(-329.754051130245, -650.0), (-345.3425083983649, -677.0)]],
[(12, 44), 1, [(-625.934739224523, -515.0)]],
[(32, 22), 1, [(95.53074360871938, 268.0)]],
[(23, 53), 2, [(-251.81176478964557, -839.0), (-220.63485025340577, -839.0)]],
[(22, 8), 1, [(-282.98867932588536, 781.0)]],
[(35, 27), 2, [(189.06148721743875, 106.0), (204.64994448555865, 79.0)]],
[(14, 4), 1, [(-547.9924528839235, 916.0)]],
[(55, 5), 1, [(921.7189788190738, 889.0)]],
[(1, 34), 1, [(-1015.6461709275204, -164.0)]],
[(59, 12), 3, [(1062.015094232153, 646.0), (1046.426636964033, 619.0), (1077.6035515002727, 619.0)]],
[(17, 15), 2, [(-454.46170927520416, 538.0), (-438.87325200708426, 511.0)]],
[(36, 28), 2, [(220.23840175367854, 52.0), (251.41531628991834, 52.0)]],
[(9, 11), 1, [(-750.6423973694822, 673.0)]],
[(55, 41), 1, [(921.7189788190738, -407.0)]],
[(28, 24), 2, [(-49.161820304086916, 214.0), (-64.75027757220681, 187.0)]],
[(48, 2), 1, [(672.3036625291555, 997.0)]],
[(6, 5), 1, [(-844.1731409782016, 889.0)]],
[(50, 48), 2, [(750.245948869755, -650.0), (734.6574916016351, -677.0)]],
[(29, 25), 1, [(-17.98490576784718, 160.0)]],
[(42, 44), 1, [(454.065260775477, -515.0)]],
[(21, 21), 2, [(-298.5771365940052, 322.0), (-314.1655938621251, 295.0)]],
[(8, 51), 2, [(-766.2308546376021, -758.0), (-781.819311905722, -785.0)]],
[(44, 4), 1, [(532.0075471160765, 916.0)]],
[(31, 34), 1, [(64.35382907247958, -164.0)]],
[(10, 11), 2, [(-719.4654828332424, 673.0), (-688.2885682970026, 673.0)]],
[(51, 12), 2, [(781.4228634059948, 646.0), (765.8344061378749, 619.0)]],
[(2, 7), 1, [(-984.4692563912806, 808.0)]],
[(13, 22), 2, [(-610.3462819564031, 268.0), (-579.1693674201633, 268.0)]],
[(51, 48), 2, [(781.4228634059948, -650.0), (765.8344061378749, -677.0)]],
[(16, 27), 3, [(-485.63862381144395, 106.0), (-501.22708107956385, 79.0), (-470.05016654332405, 79.0)]],
[(36, 5), 1, [(235.82685902179844, 889.0)]],
[(28, 1), 1, [(-49.161820304086916, 1024.0)]],
[(47, 14), 1, [(641.1267479929157, 565.0)]],
[(59, 25), 1, [(1062.015094232153, 160.0)]],
[(5, 17), 1, [(-875.3500555144414, 457.0)]],
[(38, 51), 2, [(313.7691453623979, -758.0), (298.180688094278, -785.0)]],
[(17, 28), 1, [(-454.46170927520416, 52.0)]],
[(58, 29), 1, [(1015.2497224277931, 25.0)]],
[(9, 24), 2, [(-735.0539401013623, 214.0), (-750.6423973694822, 187.0)]],
[(29, 2), 2, [(-33.57336303596702, 997.0), (-2.396448499727285, 997.0)]],
[(40, 11), 2, [(360.5345171667576, 673.0), (391.7114317029974, 673.0)]],
[(6, 18), 3, [(-859.7615982463215, 430.0), (-828.5846837100817, 430.0), (-844.1731409782016, 403.0)]],
[(32, 12), 2, [(95.53074360871938, 646.0), (79.94228634059948, 619.0)]],
[(24, 8), 1, [(-189.45793571716598, 781.0)]],
[(43, 21), 3, [(469.6537180435969, 322.0), (500.8306325798367, 322.0), (485.2421753117168, 295.0)]],
[(35, 17), 1, [(204.64994448555865, 457.0)]],
[(1, 24), 2, [(-1015.6461709275204, 214.0), (-1031.2346281956402, 187.0)]],
[(34, 58), 1, [(157.88457268119896, -1028.0)]],
[(59, 2), 2, [(1046.426636964033, 997.0), (1077.6035515002727, 997.0)]],
[(17, 5), 1, [(-438.87325200708426, 889.0)]],
[(36, 18), 3, [(220.23840175367854, 430.0), (251.41531628991834, 430.0), (235.82685902179844, 403.0)]],
[(9, 1), 1, [(-735.0539401013623, 1024.0)]],
[(28, 14), 1, [(-64.75027757220681, 565.0)]],
[(54, 8), 1, [(890.542064282834, 781.0)]],
[(20, 15), 2, [(-329.754051130245, 538.0), (-345.3425083983649, 511.0)]],
[(39, 28), 1, [(344.9460598986377, 52.0)]],
[(31, 24), 2, [(64.35382907247958, 214.0), (48.76537180435969, 187.0)]],
[(23, 20), 2, [(-251.81176478964557, 349.0), (-220.63485025340577, 349.0)]],
[(51, 2), 1, [(765.8344061378749, 997.0)]],
[(13, 12), 3, [(-610.3462819564031, 646.0), (-579.1693674201633, 646.0), (-594.7578246882832, 619.0)]],
[(24, 21), 2, [(-205.04639298528588, 322.0), (-189.45793571716598, 295.0)]],
[(16, 17), 2, [(-501.22708107956385, 457.0), (-470.05016654332405, 457.0)]],
[(47, 4), 1, [(625.5382907247958, 916.0)]],
[(5, 7), 1, [(-890.9385127825612, 808.0)]],
[(58, 19), 1, [(1030.8381796959131, 376.0)]],
[(9, 14), 1, [(-750.6423973694822, 565.0)]],
[(50, 15), 2, [(750.245948869755, 538.0), (734.6574916016351, 511.0)]],
[(19, 27), 3, [(-392.1078802027246, 106.0), (-360.9309656664848, 106.0), (-376.5194229346047, 79.0)]],
[(39, 5), 1, [(329.3576026305178, 889.0)]],
[(54, 21), 2, [(874.9536070147142, 322.0), (890.542064282834, 295.0)]],
[(20, 28), 1, [(-329.754051130245, 52.0)]],
[(39, 41), 1, [(329.3576026305178, -407.0)]],
[(12, 24), 2, [(-641.5231964926429, 214.0), (-625.934739224523, 187.0)]],
[(4, 20), 1, [(-906.5269700506811, 349.0)]],
[(32, 2), 1, [(79.94228634059948, 997.0)]],
[(43, 11), 1, [(485.2421753117168, 673.0)]],
[(35, 7), 1, [(189.06148721743875, 808.0)]],
[(1, 14), 1, [(-1031.2346281956402, 565.0)]],
[(49, 27), 3, [(687.8921197972754, 106.0), (719.0690343335152, 106.0), (703.4805770653953, 79.0)]],
[(28, 4), 1, [(-49.161820304086916, 916.0)]],
[(50, 28), 1, [(750.245948869755, 52.0)]],
[(42, 24), 2, [(438.4768035073571, 214.0), (454.065260775477, 187.0)]],
[(0, 27), 3, [(-1078, 106.0), (-1046.8230854637602, 106.0), (-1062.4115427318802, 79.0)]],
[(20, 5), 1, [(-345.3425083983649, 889.0)]],
[(12, 1), 1, [(-641.5231964926429, 1024.0)]],
[(31, 14), 1, [(48.76537180435969, 565.0)]],
[(23, 10), 1, [(-236.22330752152567, 700.0)]],
[(13, 2), 1, [(-594.7578246882832, 997.0)]],
[(24, 11), 1, [(-189.45793571716598, 673.0)]],
[(16, 7), 1, [(-485.63862381144395, 808.0)]],
[(57, 8), 1, [(984.0728078915533, 781.0)]],
[(58, 9), 2, [(1030.8381796959131, 754.0), (1015.2497224277931, 727.0)]],
[(50, 5), 1, [(734.6574916016351, 889.0)]],
[(42, 1), 1, [(438.4768035073571, 1024.0)]],
[(8, 8), 1, [(-781.819311905722, 781.0)]],
[(27, 21), 2, [(-80.33873484032671, 322.0), (-95.9271921084466, 295.0)]],
[(0, 4), 2, [(-1078, 916.0), (-1046.8230854637602, 916.0)]],
[(11, 13), 1, [(-672.7001110288827, 592.0)]],
[(30, 26), 1, [(17.588457268119896, 133.0)]],
[(54, 11), 1, [(890.542064282834, 673.0)]],
[(20, 18), 2, [(-329.754051130245, 430.0), (-345.3425083983649, 403.0)]],
[(12, 14), 1, [(-625.934739224523, 565.0)]],
[(53, 15), 3, [(843.7766924784744, 538.0), (828.1882352103544, 511.0), (859.3651497465942, 511.0)]],
[(4, 10), 1, [(-922.115427318801, 700.0)]],
[(23, 23), 2, [(-251.81176478964557, 241.0), (-220.63485025340577, 241.0)]],
[(1, 4), 1, [(-1015.6461709275204, 916.0)]],
[(46, 12), 3, [(594.361376188556, 646.0), (578.7729189204362, 619.0), (609.949833456676, 619.0)]],
[(38, 8), 1, [(298.180688094278, 781.0)]],
[(57, 21), 2, [(999.6612651596733, 322.0), (984.0728078915533, 295.0)]],
[(15, 24), 2, [(-516.8155383476837, 214.0), (-532.4039956158036, 187.0)]],
[(18, 29), 1, [(-407.69633747084447, 25.0)]],
[(50, 18), 2, [(750.245948869755, 430.0), (734.6574916016351, 403.0)]],
[(42, 14), 1, [(454.065260775477, 565.0)]],
[(7, 56), 1, [(-812.9962264419618, -947.0)]],
[(8, 21), 2, [(-766.2308546376021, 322.0), (-781.819311905722, 295.0)]],
[(19, 30), 3, [(-392.1078802027246, -2), (-360.9309656664848, -2), (-376.5194229346047, -29.0)]],
[(31, 4), 1, [(64.35382907247958, 916.0)]],
[(34, 15), 2, [(157.88457268119896, 538.0), (173.47302994931886, 511.0)]],
[(53, 28), 1, [(843.7766924784744, 52.0)]],
[(45, 24), 2, [(563.1844616523163, 214.0), (547.5960043841964, 187.0)]],
[(22, 40), 1, [(-267.40022205776546, -380.0)]],
[(37, 56), 1, [(267.00377355803823, -947.0)]],
[(38, 21), 2, [(313.7691453623979, 322.0), (298.180688094278, 295.0)]],
[(49, 30), 3, [(687.8921197972754, -2), (719.0690343335152, -2), (703.4805770653953, -29.0)]],
[(15, 37), 1, [(-516.8155383476837, -272.0)]],
[(7, 33), 2, [(-797.4077691738419, -110.0), (-812.9962264419618, -137.0)]],
[(26, 46), 2, [(-142.6925639128063, -596.0), (-111.5156493765665, -596.0)]],
[(18, 42), 2, [(-423.28479473896437, -434.0), (-407.69633747084447, -461.0)]],
[(29, 57), 3, [(-17.98490576784718, -974.0), (-33.57336303596702, -1001.0), (-2.396448499727285, -1001.0)]],
[(52, 40), 1, [(812.5997779422346, -380.0)]],
[(53, 5), 2, [(828.1882352103544, 889.0), (859.3651497465942, 889.0)]],
[(34, 28), 1, [(157.88457268119896, 52.0)]],
[(25, 59), 1, [(-158.2810211809262, -1055.0)]],
[(45, 37), 1, [(563.1844616523163, -272.0)]],
[(46, 2), 2, [(578.7729189204362, 997.0), (609.949833456676, 997.0)]],
[(37, 33), 2, [(282.59223082615813, -110.0), (267.00377355803823, -137.0)]],
[(3, 40), 1, [(-953.2923418550408, -380.0)]],
[(22, 53), 1, [(-282.98867932588536, -839.0)]],
[(14, 49), 1, [(-547.9924528839235, -704.0)]],
[(55, 50), 1, [(921.7189788190738, -731.0)]],
[(59, 57), 3, [(1062.015094232153, -974.0), (1046.426636964033, -1001.0), (1077.6035515002727, -1001.0)]],
[(48, 47), 1, [(672.3036625291555, -623.0)]],
[(41, 8), 1, [(422.8883462392372, 781.0)]],
[(41, 44), 1, [(422.8883462392372, -515.0)]],
[(33, 40), 1, [(126.70765814495917, -380.0)]],
[(25, 36), 2, [(-173.86947844904608, -218.0), (-158.2810211809262, -245.0)]],
[(44, 49), 1, [(532.0075471160765, -704.0)]],
[(10, 56), 2, [(-719.4654828332424, -947.0), (-688.2885682970026, -947.0)]],
[(51, 57), 2, [(781.4228634059948, -974.0), (765.8344061378749, -1001.0)]],
[(2, 52), 1, [(-984.4692563912806, -812.0)]],
[(22, 30), 2, [(-267.40022205776546, -2), (-282.98867932588536, -29.0)]],
[(47, 59), 1, [(641.1267479929157, -1055.0)]],
[(29, 47), 2, [(-33.57336303596702, -623.0), (-2.396448499727285, -623.0)]],
[(21, 43), 1, [(-298.5771365940052, -488.0)]],
[(40, 56), 2, [(360.5345171667576, -947.0), (391.7114317029974, -947.0)]],
[(52, 30), 2, [(812.5997779422346, -2), (797.0113206741146, -29.0)]],
[(10, 33), 3, [(-703.8770255651225, -110.0), (-719.4654828332424, -137.0), (-688.2885682970026, -137.0)]],
[(32, 57), 2, [(95.53074360871938, -974.0), (79.94228634059948, -1001.0)]],
[(3, 30), 3, [(-953.2923418550408, -2), (-968.8807991231607, -29.0), (-937.7038845869209, -29.0)]],
[(55, 40), 1, [(906.130521550954, -380.0)]],
[(47, 36), 2, [(625.5382907247958, -218.0), (641.1267479929157, -245.0)]],
[(59, 47), 2, [(1046.426636964033, -623.0), (1077.6035515002727, -623.0)]],
[(28, 59), 1, [(-64.75027757220681, -1055.0)]],
[(48, 37), 1, [(656.7152052610356, -272.0)]],
[(40, 33), 3, [(376.1229744348775, -110.0), (360.5345171667576, -137.0), (391.7114317029974, -137.0)]],
[(6, 40), 2, [(-859.7615982463215, -380.0), (-828.5846837100817, -380.0)]],
[(33, 30), 3, [(126.70765814495917, -2), (111.11920087683927, -29.0), (142.29611541307906, -29.0)]],
[(51, 47), 1, [(765.8344061378749, -623.0)]],
[(2, 42), 2, [(-984.4692563912806, -434.0), (-1000.0577136594005, -461.0)]],
[(43, 43), 2, [(469.6537180435969, -488.0), (500.8306325798367, -488.0)]],
[(13, 57), 3, [(-610.3462819564031, -974.0), (-579.1693674201633, -974.0), (-594.7578246882832, -1001.0)]],
[(36, 40), 2, [(220.23840175367854, -380.0), (251.41531628991834, -380.0)]],
[(28, 36), 2, [(-49.161820304086916, -218.0), (-64.75027757220681, -245.0)]],
[(5, 52), 1, [(-890.9385127825612, -812.0)]],
[(9, 59), 1, [(-750.6423973694822, -1055.0)]],
[(29, 37), 1, [(-17.98490576784718, -272.0)]],
[(21, 33), 2, [(-298.5771365940052, -110.0), (-314.1655938621251, -137.0)]],
[(32, 47), 1, [(79.94228634059948, -623.0)]],
[(24, 43), 1, [(-205.04639298528588, -488.0)]],
[(43, 56), 1, [(485.2421753117168, -947.0)]],
[(35, 52), 1, [(189.06148721743875, -812.0)]],
[(55, 30), 2, [(906.130521550954, -2), (921.7189788190738, -29.0)]],
[(1, 59), 1, [(-1031.2346281956402, -1055.0)]],
[(59, 37), 1, [(1062.015094232153, -272.0)]],
[(17, 40), 1, [(-454.46170927520416, -380.0)]],
[(9, 36), 2, [(-735.0539401013623, -218.0), (-750.6423973694822, -245.0)]],
[(28, 49), 1, [(-49.161820304086916, -704.0)]],
[(6, 30), 3, [(-859.7615982463215, -2), (-828.5846837100817, -2), (-844.1731409782016, -29.0)]],
[(54, 43), 1, [(874.9536070147142, -488.0)]],
[(31, 59), 1, [(48.76537180435969, -1055.0)]],
[(51, 37), 1, [(781.4228634059948, -272.0)]],
[(23, 55), 1, [(-236.22330752152567, -920.0)]],
[(43, 33), 3, [(469.6537180435969, -110.0), (500.8306325798367, -110.0), (485.2421753117168, -137.0)]],
[(13, 47), 1, [(-594.7578246882832, -623.0)]],
[(24, 56), 1, [(-189.45793571716598, -947.0)]],
[(36, 30), 3, [(220.23840175367854, -2), (251.41531628991834, -2), (235.82685902179844, -29.0)]],
[(47, 39), 2, [(625.5382907247958, -326.0), (641.1267479929157, -353.0)]],
[(5, 42), 2, [(-890.9385127825612, -434.0), (-875.3500555144414, -461.0)]],
[(58, 54), 2, [(1030.8381796959131, -866.0), (1015.2497224277931, -893.0)]],
[(54, 56), 1, [(890.542064282834, -947.0)]],
[(12, 59), 1, [(-625.934739224523, -1055.0)]],
[(32, 37), 1, [(95.53074360871938, -272.0)]],
[(24, 33), 2, [(-205.04639298528588, -110.0), (-189.45793571716598, -137.0)]],
[(43, 46), 2, [(469.6537180435969, -596.0), (500.8306325798367, -596.0)]],
[(35, 42), 2, [(189.06148721743875, -434.0), (204.64994448555865, -461.0)]],
[(55, 20), 1, [(921.7189788190738, 349.0)]],
[(1, 49), 1, [(-1015.6461709275204, -704.0)]],
[(46, 57), 3, [(594.361376188556, -974.0), (578.7729189204362, -1001.0), (609.949833456676, -1001.0)]],
[(17, 30), 2, [(-454.46170927520416, -2), (-438.87325200708426, -29.0)]],
[(58, 31), 1, [(1030.8381796959131, -56.0)]],
[(27, 43), 1, [(-80.33873484032671, -488.0)]],
[(19, 39), 3, [(-392.1078802027246, -326.0), (-360.9309656664848, -326.0), (-376.5194229346047, -353.0)]],
[(30, 48), 3, [(2, -650.0), (33.17691453623979, -650.0), (17.588457268119896, -677.0)]],
[(42, 59), 1, [(454.065260775477, -1055.0)]],
[(54, 33), 2, [(874.9536070147142, -110.0), (890.542064282834, -137.0)]],
[(20, 40), 1, [(-329.754051130245, -380.0)]],
[(12, 36), 2, [(-641.5231964926429, -218.0), (-625.934739224523, -245.0)]],
[(31, 49), 1, [(64.35382907247958, -704.0)]],
[(4, 32), 1, [(-906.5269700506811, -83.0)]],
[(23, 45), 3, [(-236.22330752152567, -542.0), (-251.81176478964557, -569.0), (-220.63485025340577, -569.0)]],
[(51, 27), 2, [(781.4228634059948, 106.0), (765.8344061378749, 79.0)]],
[(13, 37), 2, [(-610.3462819564031, -272.0), (-579.1693674201633, -272.0)]],
[(16, 42), 3, [(-485.63862381144395, -434.0), (-501.22708107956385, -461.0), (-470.05016654332405, -461.0)]],
[(57, 43), 1, [(999.6612651596733, -488.0)]],
[(49, 39), 3, [(687.8921197972754, -326.0), (719.0690343335152, -326.0), (703.4805770653953, -353.0)]],
[(15, 46), 1, [(-516.8155383476837, -596.0)]],
[(26, 55), 2, [(-142.6925639128063, -920.0), (-111.5156493765665, -920.0)]],
[(5, 32), 1, [(-875.3500555144414, -83.0)]],
[(18, 51), 2, [(-423.28479473896437, -758.0), (-407.69633747084447, -785.0)]],
[(58, 44), 1, [(1015.2497224277931, -515.0)]],
[(50, 40), 1, [(750.245948869755, -380.0)]],
[(42, 36), 2, [(438.4768035073571, -218.0), (454.065260775477, -245.0)]],
[(8, 43), 1, [(-766.2308546376021, -488.0)]],
[(27, 56), 1, [(-95.9271921084466, -947.0)]],
[(0, 39), 3, [(-1078, -326.0), (-1046.8230854637602, -326.0), (-1062.4115427318802, -353.0)]],
[(19, 52), 2, [(-392.1078802027246, -812.0), (-360.9309656664848, -812.0)]],
[(39, 30), 2, [(344.9460598986377, -2), (329.3576026305178, -29.0)]],
[(11, 48), 2, [(-672.7001110288827, -650.0), (-657.1116537607628, -677.0)]],
[(53, 50), 2, [(828.1882352103544, -731.0), (859.3651497465942, -731.0)]],
[(4, 45), 2, [(-922.115427318801, -542.0), (-906.5269700506811, -569.0)]],
[(45, 46), 1, [(563.1844616523163, -596.0)]],
[(32, 27), 2, [(95.53074360871938, 106.0), (79.94228634059948, 79.0)]],
[(56, 55), 2, [(937.3074360871938, -920.0), (968.4843506234336, -920.0)]],
[(35, 32), 1, [(204.64994448555865, -83.0)]],
[(1, 39), 2, [(-1015.6461709275204, -326.0), (-1031.2346281956402, -353.0)]],
[(14, 58), 1, [(-547.9924528839235, -1028.0)]],
[(47, 6), 2, [(625.5382907247958, 862.0), (641.1267479929157, 835.0)]],
[(46, 47), 2, [(578.7729189204362, -623.0), (609.949833456676, -623.0)]],
[(38, 43), 1, [(313.7691453623979, -488.0)]],
[(57, 56), 1, [(984.0728078915533, -947.0)]],
[(49, 52), 2, [(687.8921197972754, -812.0), (719.0690343335152, -812.0)]],
[(15, 59), 1, [(-532.4039956158036, -1055.0)]],
[(27, 33), 2, [(-80.33873484032671, -110.0), (-95.9271921084466, -137.0)]],
[(30, 38), 1, [(17.588457268119896, -299.0)]],
[(0, 52), 2, [(-1078, -812.0), (-1046.8230854637602, -812.0)]],
[(20, 30), 2, [(-329.754051130245, -2), (-345.3425083983649, -29.0)]],
[(31, 39), 2, [(64.35382907247958, -326.0), (48.76537180435969, -353.0)]],
[(44, 58), 1, [(532.0075471160765, -1028.0)]],
[(23, 35), 2, [(-251.81176478964557, -191.0), (-220.63485025340577, -191.0)]],
[(43, 13), 2, [(469.6537180435969, 592.0), (500.8306325798367, 592.0)]],
[(34, 50), 1, [(173.47302994931886, -731.0)]],
[(45, 59), 1, [(547.5960043841964, -1055.0)]],
[(57, 33), 2, [(999.6612651596733, -110.0), (984.0728078915533, -137.0)]],
[(15, 36), 2, [(-516.8155383476837, -218.0), (-532.4039956158036, -245.0)]],
[(7, 32), 1, [(-812.9962264419618, -83.0)]],
[(26, 45), 3, [(-142.6925639128063, -542.0), (-111.5156493765665, -542.0), (-127.1041066446864, -569.0)]],
[(18, 41), 1, [(-407.69633747084447, -407.0)]],
[(58, 34), 1, [(1030.8381796959131, -164.0)]],
[(50, 30), 2, [(750.245948869755, -2), (734.6574916016351, -29.0)]],
[(8, 33), 2, [(-766.2308546376021, -110.0), (-781.819311905722, -137.0)]],
[(27, 46), 1, [(-80.33873484032671, -596.0)]],
[(19, 42), 3, [(-392.1078802027246, -434.0), (-360.9309656664848, -434.0), (-376.5194229346047, -461.0)]],
[(11, 38), 1, [(-657.1116537607628, -299.0)]],
[(53, 40), 1, [(843.7766924784744, -380.0)]],
[(25, 58), 1, [(-173.86947844904608, -1028.0)]],
[(45, 36), 2, [(563.1844616523163, -218.0), (547.5960043841964, -245.0)]],
[(37, 32), 1, [(267.00377355803823, -83.0)]],
[(56, 45), 3, [(937.3074360871938, -542.0), (968.4843506234336, -542.0), (952.8958933553135, -569.0)]],
[(3, 39), 3, [(-953.2923418550408, -326.0), (-968.8807991231607, -353.0), (-937.7038845869209, -353.0)]],
[(14, 48), 2, [(-547.9924528839235, -650.0), (-563.5809101520434, -677.0)]],
[(46, 37), 1, [(594.361376188556, -272.0)]],
[(38, 33), 2, [(313.7691453623979, -110.0), (298.180688094278, -137.0)]],
[(57, 46), 1, [(999.6612651596733, -596.0)]],
[(49, 42), 3, [(687.8921197972754, -434.0), (719.0690343335152, -434.0), (703.4805770653953, -461.0)]],
[(41, 43), 1, [(407.2998889711173, -488.0)]],
[(33, 39), 3, [(126.70765814495917, -326.0), (111.11920087683927, -353.0), (142.29611541307906, -353.0)]],
[(44, 48), 2, [(532.0075471160765, -650.0), (516.4190898479566, -677.0)]],
[(2, 51), 2, [(-984.4692563912806, -758.0), (-1000.0577136594005, -785.0)]],
[(34, 40), 1, [(157.88457268119896, -380.0)]],
[(53, 53), 2, [(828.1882352103544, -839.0), (859.3651497465942, -839.0)]],
[(30, 5), 1, [(17.588457268119896, 889.0)]],
[(29, 46), 1, [(-17.98490576784718, -596.0)]],
[(48, 59), 1, [(672.3036625291555, -1055.0)]],
[(59, 46), 1, [(1062.015094232153, -596.0)]],
[(58, 1), 1, [(1030.8381796959131, 1024.0)]],
[(28, 58), 1, [(-49.161820304086916, -1028.0)]],
[(8, 0), 2, [(-766.2308546376021, 1078), (-781.819311905722, 1051.0)]],
[(27, 13), 1, [(-80.33873484032671, 592.0)]],
[(19, 9), 3, [(-392.1078802027246, 754.0), (-360.9309656664848, 754.0), (-376.5194229346047, 727.0)]],
[(11, 5), 1, [(-657.1116537607628, 889.0)]],
[(30, 18), 3, [(2, 430.0), (33.17691453623979, 430.0), (17.588457268119896, 403.0)]],
[(25, 25), 1, [(-173.86947844904608, 160.0)]],
[(4, 2), 1, [(-906.5269700506811, 997.0)]],
[(2, 41), 1, [(-1000.0577136594005, -407.0)]],
[(3, 6), 3, [(-953.2923418550408, 862.0), (-968.8807991231607, 835.0), (-937.7038845869209, 835.0)]],
[(22, 19), 1, [(-267.40022205776546, 376.0)]],
[(14, 15), 2, [(-547.9924528839235, 538.0), (-563.5809101520434, 511.0)]],
[(38, 0), 2, [(313.7691453623979, 1078), (298.180688094278, 1051.0)]],
[(57, 13), 1, [(999.6612651596733, 592.0)]],
[(49, 9), 3, [(687.8921197972754, 754.0), (719.0690343335152, 754.0), (703.4805770653953, 727.0)]],
[(15, 16), 1, [(-516.8155383476837, 484.0)]],
[(7, 12), 2, [(-797.4077691738419, 646.0), (-812.9962264419618, 619.0)]],
[(26, 25), 2, [(-142.6925639128063, 160.0), (-111.5156493765665, 160.0)]],
[(18, 21), 2, [(-423.28479473896437, 322.0), (-407.69633747084447, 295.0)]],
[(9, 58), 1, [(-735.0539401013623, -1028.0)]],
[(29, 36), 3, [(-17.98490576784718, -218.0), (-33.57336303596702, -245.0), (-2.396448499727285, -245.0)]],
[(21, 32), 1, [(-314.1655938621251, -83.0)]],
[(0, 9), 3, [(-1078, 754.0), (-1046.8230854637602, 754.0), (-1062.4115427318802, 727.0)]],
[(33, 6), 3, [(126.70765814495917, 862.0), (111.11920087683927, 835.0), (142.29611541307906, 835.0)]],
[(52, 19), 1, [(812.5997779422346, 376.0)]],
[(44, 15), 2, [(532.0075471160765, 538.0), (516.4190898479566, 511.0)]],
[(53, 20), 2, [(828.1882352103544, 349.0), (859.3651497465942, 349.0)]],
[(45, 16), 1, [(563.1844616523163, 484.0)]],
[(37, 12), 2, [(282.59223082615813, 646.0), (267.00377355803823, 619.0)]],
[(56, 25), 2, [(937.3074360871938, 160.0), (968.4843506234336, 160.0)]],
[(3, 19), 1, [(-953.2923418550408, 376.0)]],
[(14, 28), 1, [(-547.9924528839235, 52.0)]],
[(55, 29), 1, [(921.7189788190738, 25.0)]],
[(26, 2), 1, [(-127.1041066446864, 997.0)]],
[(59, 36), 3, [(1062.015094232153, -218.0), (1046.426636964033, -245.0), (1077.6035515002727, -245.0)]],
[(17, 39), 2, [(-454.46170927520416, -326.0), (-438.87325200708426, -353.0)]],
[(28, 48), 2, [(-49.161820304086916, -650.0), (-64.75027757220681, -677.0)]],
[(29, 13), 1, [(-17.98490576784718, 592.0)]],
[(48, 26), 1, [(672.3036625291555, 133.0)]],
[(6, 29), 1, [(-844.1731409782016, 25.0)]],
[(33, 19), 1, [(126.70765814495917, 376.0)]],
[(25, 15), 2, [(-173.86947844904608, 538.0), (-158.2810211809262, 511.0)]],
[(44, 28), 1, [(532.0075471160765, 52.0)]],
[(56, 2), 1, [(952.8958933553135, 997.0)]],
[(22, 9), 2, [(-267.40022205776546, 754.0), (-282.98867932588536, 727.0)]],
[(14, 5), 1, [(-563.5809101520434, 889.0)]],
[(13, 46), 2, [(-610.3462819564031, -596.0), (-579.1693674201633, -596.0)]],
[(59, 13), 1, [(1062.015094232153, 592.0)]],
[(16, 51), 3, [(-485.63862381144395, -758.0), (-501.22708107956385, -785.0), (-470.05016654332405, -785.0)]],
[(36, 29), 1, [(235.82685902179844, 25.0)]],
[(15, 6), 2, [(-516.8155383476837, 862.0), (-532.4039956158036, 835.0)]],
[(28, 25), 1, [(-49.161820304086916, 160.0)]],
[(7, 2), 1, [(-812.9962264419618, 997.0)]],
[(48, 3), 2, [(656.7152052610356, 970.0), (672.3036625291555, 943.0)]],
[(18, 11), 1, [(-407.69633747084447, 673.0)]],
[(5, 41), 1, [(-875.3500555144414, -407.0)]],
[(29, 26), 2, [(-33.57336303596702, 133.0), (-2.396448499727285, 133.0)]],
[(41, 0), 2, [(407.2998889711173, 1078), (422.8883462392372, 1051.0)]],
[(52, 9), 2, [(812.5997779422346, 754.0), (797.0113206741146, 727.0)]],
[(44, 5), 1, [(516.4190898479566, 889.0)]],
[(10, 12), 3, [(-703.8770255651225, 646.0), (-719.4654828332424, 619.0), (-688.2885682970026, 619.0)]],
[(2, 8), 1, [(-1000.0577136594005, 781.0)]],
[(25, 28), 1, [(-173.86947844904608, 52.0)]],
[(45, 6), 2, [(563.1844616523163, 862.0), (547.5960043841964, 835.0)]],
[(37, 2), 1, [(267.00377355803823, 997.0)]],
[(24, 32), 1, [(-189.45793571716598, -83.0)]],
[(3, 9), 3, [(-953.2923418550408, 754.0), (-968.8807991231607, 727.0), (-937.7038845869209, 727.0)]],
[(35, 41), 1, [(204.64994448555865, -407.0)]],
[(14, 18), 2, [(-547.9924528839235, 430.0), (-563.5809101520434, 403.0)]],
[(55, 19), 1, [(906.130521550954, 376.0)]],
[(1, 48), 2, [(-1015.6461709275204, -650.0), (-1031.2346281956402, -677.0)]],
[(47, 15), 2, [(625.5382907247958, 538.0), (641.1267479929157, 511.0)]],
[(59, 26), 2, [(1046.426636964033, 133.0), (1077.6035515002727, 133.0)]],
[(17, 29), 1, [(-438.87325200708426, 25.0)]],
[(29, 3), 3, [(-17.98490576784718, 970.0), (-33.57336303596702, 943.0), (-2.396448499727285, 943.0)]],
[(48, 16), 1, [(656.7152052610356, 484.0)]],
[(40, 12), 3, [(376.1229744348775, 646.0), (360.5345171667576, 619.0), (391.7114317029974, 619.0)]],
[(6, 19), 2, [(-859.7615982463215, 376.0), (-828.5846837100817, 376.0)]],
[(41, 13), 1, [(407.2998889711173, 592.0)]],
[(54, 32), 1, [(890.542064282834, -83.0)]],
[(33, 9), 3, [(126.70765814495917, 754.0), (111.11920087683927, 727.0), (142.29611541307906, 727.0)]],
[(25, 5), 1, [(-158.2810211809262, 889.0)]],
[(20, 39), 2, [(-329.754051130245, -326.0), (-345.3425083983649, -353.0)]],
[(44, 18), 2, [(532.0075471160765, 430.0), (516.4190898479566, 403.0)]],
[(31, 48), 2, [(64.35382907247958, -650.0), (48.76537180435969, -677.0)]],
[(51, 26), 1, [(765.8344061378749, 133.0)]],
[(2, 21), 2, [(-984.4692563912806, 322.0), (-1000.0577136594005, 295.0)]],
[(43, 22), 2, [(469.6537180435969, 268.0), (500.8306325798367, 268.0)]],
[(59, 3), 3, [(1062.015094232153, 970.0), (1046.426636964033, 943.0), (1077.6035515002727, 943.0)]],
[(17, 6), 2, [(-454.46170927520416, 862.0), (-438.87325200708426, 835.0)]],
[(36, 19), 2, [(220.23840175367854, 376.0), (251.41531628991834, 376.0)]],
[(28, 15), 2, [(-49.161820304086916, 538.0), (-64.75027757220681, 511.0)]],
[(47, 28), 1, [(625.5382907247958, 52.0)]],
[(50, 39), 2, [(750.245948869755, -326.0), (734.6574916016351, -353.0)]],
[(29, 16), 1, [(-17.98490576784718, 484.0)]],
[(21, 12), 2, [(-298.5771365940052, 646.0), (-314.1655938621251, 619.0)]],
[(27, 55), 1, [(-80.33873484032671, -920.0)]],
[(39, 29), 1, [(329.3576026305178, 25.0)]],
[(10, 2), 2, [(-719.4654828332424, 997.0), (-688.2885682970026, 997.0)]],
[(13, 13), 2, [(-610.3462819564031, 592.0), (-579.1693674201633, 592.0)]],
[(32, 26), 1, [(79.94228634059948, 133.0)]],
[(16, 18), 3, [(-485.63862381144395, 430.0), (-501.22708107956385, 403.0), (-470.05016654332405, 403.0)]],
[(55, 9), 2, [(906.130521550954, 754.0), (921.7189788190738, 727.0)]],
[(47, 5), 1, [(641.1267479929157, 889.0)]],
[(59, 16), 1, [(1062.015094232153, 484.0)]],
[(5, 8), 1, [(-875.3500555144414, 781.0)]],
[(46, 46), 1, [(594.361376188556, -596.0)]],
[(57, 55), 1, [(999.6612651596733, -920.0)]],
[(9, 15), 2, [(-735.0539401013623, 538.0), (-750.6423973694822, 511.0)]],
[(49, 51), 3, [(687.8921197972754, -758.0), (719.0690343335152, -758.0), (703.4805770653953, -785.0)]],
[(28, 28), 1, [(-49.161820304086916, 52.0)]],
[(40, 2), 2, [(360.5345171667576, 997.0), (391.7114317029974, 997.0)]],
[(6, 9), 3, [(-859.7615982463215, 754.0), (-828.5846837100817, 754.0), (-844.1731409782016, 727.0)]],
[(20, 29), 1, [(-345.3425083983649, 25.0)]],
[(32, 3), 2, [(95.53074360871938, 970.0), (79.94228634059948, 943.0)]],
[(51, 16), 1, [(781.4228634059948, 484.0)]],
[(2, 11), 1, [(-1000.0577136594005, 673.0)]],
[(43, 12), 3, [(469.6537180435969, 646.0), (500.8306325798367, 646.0), (485.2421753117168, 619.0)]],
[(35, 8), 1, [(204.64994448555865, 781.0)]],
[(1, 15), 2, [(-1015.6461709275204, 538.0), (-1031.2346281956402, 511.0)]],
[(13, 26), 1, [(-594.7578246882832, 133.0)]],
[(36, 9), 3, [(220.23840175367854, 754.0), (251.41531628991834, 754.0), (235.82685902179844, 727.0)]],
[(28, 5), 1, [(-64.75027757220681, 889.0)]],
[(5, 21), 2, [(-890.9385127825612, 322.0), (-875.3500555144414, 295.0)]],
[(9, 28), 1, [(-735.0539401013623, 52.0)]],
[(50, 29), 1, [(734.6574916016351, 25.0)]],
[(29, 6), 3, [(-17.98490576784718, 862.0), (-33.57336303596702, 835.0), (-2.396448499727285, 835.0)]],
[(21, 2), 1, [(-314.1655938621251, 997.0)]],
[(39, 19), 1, [(344.9460598986377, 376.0)]],
[(31, 15), 2, [(64.35382907247958, 538.0), (48.76537180435969, 511.0)]],
[(13, 3), 3, [(-610.3462819564031, 970.0), (-579.1693674201633, 970.0), (-594.7578246882832, 943.0)]],
[(32, 16), 1, [(95.53074360871938, 484.0)]],
[(24, 12), 2, [(-205.04639298528588, 646.0), (-189.45793571716598, 619.0)]],
[(16, 8), 2, [(-501.22708107956385, 781.0), (-470.05016654332405, 781.0)]],
[(35, 21), 2, [(189.06148721743875, 322.0), (204.64994448555865, 295.0)]],
[(1, 28), 1, [(-1015.6461709275204, 52.0)]],
[(17, 9), 2, [(-454.46170927520416, 754.0), (-438.87325200708426, 727.0)]],
[(58, 10), 1, [(1030.8381796959131, 700.0)]],
[(9, 5), 1, [(-750.6423973694822, 889.0)]],
[(28, 18), 2, [(-49.161820304086916, 430.0), (-64.75027757220681, 403.0)]],
[(27, 22), 1, [(-80.33873484032671, 268.0)]],
[(30, 27), 3, [(2, 106.0), (33.17691453623979, 106.0), (17.588457268119896, 79.0)]],
[(54, 12), 2, [(874.9536070147142, 646.0), (890.542064282834, 619.0)]],
[(12, 15), 2, [(-641.5231964926429, 538.0), (-625.934739224523, 511.0)]],
[(31, 28), 1, [(64.35382907247958, 52.0)]],
[(4, 11), 1, [(-906.5269700506811, 673.0)]],
[(23, 24), 3, [(-236.22330752152567, 214.0), (-251.81176478964557, 187.0), (-220.63485025340577, 187.0)]],
[(43, 2), 1, [(485.2421753117168, 997.0)]],
[(1, 5), 1, [(-1031.2346281956402, 889.0)]],
[(13, 16), 2, [(-610.3462819564031, 484.0), (-579.1693674201633, 484.0)]],
[(16, 21), 3, [(-485.63862381144395, 322.0), (-501.22708107956385, 295.0), (-470.05016654332405, 295.0)]],
[(57, 22), 1, [(999.6612651596733, 268.0)]],
[(5, 11), 1, [(-875.3500555144414, 673.0)]],
[(42, 15), 2, [(438.4768035073571, 538.0), (454.065260775477, 511.0)]],
[(0, 18), 3, [(-1078, 430.0), (-1046.8230854637602, 430.0), (-1062.4115427318802, 403.0)]],
[(11, 27), 2, [(-672.7001110288827, 106.0), (-657.1116537607628, 79.0)]],
[(39, 9), 2, [(344.9460598986377, 754.0), (329.3576026305178, 727.0)]],
[(31, 5), 1, [(48.76537180435969, 889.0)]],
[(23, 1), 1, [(-236.22330752152567, 1024.0)]],
[(53, 29), 2, [(828.1882352103544, 25.0), (859.3651497465942, 25.0)]],
[(4, 24), 2, [(-922.115427318801, 214.0), (-906.5269700506811, 187.0)]],
[(24, 2), 1, [(-189.45793571716598, 997.0)]],
[(35, 11), 1, [(204.64994448555865, 673.0)]],
[(1, 18), 2, [(-1015.6461709275204, 430.0), (-1031.2346281956402, 403.0)]],
[(46, 26), 2, [(578.7729189204362, 133.0), (609.949833456676, 133.0)]],
[(58, 0), 2, [(1030.8381796959131, 1078), (1015.2497224277931, 1051.0)]],
[(27, 12), 2, [(-80.33873484032671, 646.0), (-95.9271921084466, 619.0)]],
[(54, 2), 1, [(890.542064282834, 997.0)]],
[(20, 9), 2, [(-329.754051130245, 754.0), (-345.3425083983649, 727.0)]],
[(12, 5), 1, [(-625.934739224523, 889.0)]],
[(31, 18), 2, [(64.35382907247958, 430.0), (48.76537180435969, 403.0)]],
[(4, 1), 1, [(-922.115427318801, 1024.0)]],
[(23, 14), 2, [(-251.81176478964557, 565.0), (-220.63485025340577, 565.0)]],
[(34, 29), 1, [(173.47302994931886, 25.0)]],
[(46, 3), 3, [(594.361376188556, 970.0), (578.7729189204362, 943.0), (609.949833456676, 943.0)]],
[(57, 12), 2, [(999.6612651596733, 646.0), (984.0728078915533, 619.0)]],
[(15, 15), 2, [(-516.8155383476837, 538.0), (-532.4039956158036, 511.0)]],
[(26, 24), 3, [(-142.6925639128063, 214.0), (-111.5156493765665, 214.0), (-127.1041066446864, 187.0)]],
[(50, 9), 2, [(750.245948869755, 754.0), (734.6574916016351, 727.0)]],
[(42, 5), 1, [(454.065260775477, 889.0)]],
[(15, 51), 2, [(-516.8155383476837, -758.0), (-532.4039956158036, -785.0)]],
[(7, 47), 1, [(-812.9962264419618, -623.0)]],
[(8, 12), 2, [(-766.2308546376021, 646.0), (-781.819311905722, 619.0)]],
[(27, 25), 1, [(-80.33873484032671, 160.0)]],
[(0, 8), 1, [(-1062.4115427318802, 781.0)]],
[(18, 56), 1, [(-407.69633747084447, -947.0)]],
[(19, 21), 3, [(-392.1078802027246, 322.0), (-360.9309656664848, 322.0), (-376.5194229346047, 295.0)]],
[(30, 30), 3, [(2, -2), (33.17691453623979, -2), (17.588457268119896, -29.0)]],
[(53, 19), 1, [(843.7766924784744, 376.0)]],
[(45, 15), 2, [(563.1844616523163, 538.0), (547.5960043841964, 511.0)]],
[(10, 57), 3, [(-703.8770255651225, -974.0), (-719.4654828332424, -1001.0), (-688.2885682970026, -1001.0)]],
[(56, 24), 3, [(937.3074360871938, 214.0), (968.4843506234336, 214.0), (952.8958933553135, 187.0)]],
[(45, 51), 2, [(563.1844616523163, -758.0), (547.5960043841964, -785.0)]],
[(46, 16), 1, [(594.361376188556, 484.0)]],
[(37, 47), 1, [(267.00377355803823, -623.0)]],
[(38, 12), 2, [(313.7691453623979, 646.0), (298.180688094278, 619.0)]],
[(57, 25), 1, [(999.6612651596733, 160.0)]],
[(3, 54), 3, [(-953.2923418550408, -866.0), (-968.8807991231607, -893.0), (-937.7038845869209, -893.0)]],
[(49, 21), 3, [(687.8921197972754, 322.0), (719.0690343335152, 322.0), (703.4805770653953, 295.0)]],
[(26, 37), 2, [(-142.6925639128063, -272.0), (-111.5156493765665, -272.0)]],
[(18, 33), 2, [(-423.28479473896437, -110.0), (-407.69633747084447, -137.0)]],
[(40, 57), 3, [(376.1229744348775, -974.0), (360.5345171667576, -1001.0), (391.7114317029974, -1001.0)]],
[(11, 30), 2, [(-672.7001110288827, -2), (-657.1116537607628, -29.0)]],
[(56, 1), 2, [(937.3074360871938, 1024.0), (968.4843506234336, 1024.0)]],
[(33, 54), 3, [(126.70765814495917, -866.0), (111.11920087683927, -893.0), (142.29611541307906, -893.0)]],
[(25, 50), 1, [(-158.2810211809262, -731.0)]],
[(56, 37), 2, [(937.3074360871938, -272.0), (968.4843506234336, -272.0)]],
[(3, 31), 1, [(-953.2923418550408, -56.0)]],
[(22, 44), 1, [(-282.98867932588536, -515.0)]],
[(14, 40), 1, [(-547.9924528839235, -380.0)]],
[(7, 37), 1, [(-797.4077691738419, -272.0)]],
[(52, 8), 1, [(797.0113206741146, 781.0)]],
[(21, 57), 2, [(-298.5771365940052, -974.0), (-314.1655938621251, -1001.0)]],
[(41, 35), 1, [(422.8883462392372, -191.0)]],
[(33, 31), 1, [(126.70765814495917, -56.0)]],
[(52, 44), 1, [(797.0113206741146, -515.0)]],
[(44, 40), 1, [(532.0075471160765, -380.0)]],
[(10, 47), 2, [(-719.4654828332424, -623.0), (-688.2885682970026, -623.0)]],
[(2, 43), 1, [(-984.4692563912806, -488.0)]],
[(3, 44), 2, [(-968.8807991231607, -515.0), (-937.7038845869209, -515.0)]],
[(55, 54), 2, [(906.130521550954, -866.0), (921.7189788190738, -893.0)]],
[(29, 38), 2, [(-33.57336303596702, -299.0), (-2.396448499727285, -299.0)]],
[(48, 51), 2, [(656.7152052610356, -758.0), (672.3036625291555, -785.0)]],
[(40, 47), 2, [(360.5345171667576, -623.0), (391.7114317029974, -623.0)]],
[(6, 54), 3, [(-859.7615982463215, -866.0), (-828.5846837100817, -866.0), (-844.1731409782016, -893.0)]],
[(33, 44), 2, [(111.11920087683927, -515.0), (142.29611541307906, -515.0)]],
[(25, 40), 1, [(-173.86947844904608, -380.0)]],
[(2, 56), 1, [(-1000.0577136594005, -947.0)]],
[(43, 57), 3, [(469.6537180435969, -974.0), (500.8306325798367, -974.0), (485.2421753117168, -1001.0)]],
[(14, 30), 2, [(-547.9924528839235, -2), (-563.5809101520434, -29.0)]],
[(55, 31), 1, [(906.130521550954, -56.0)]],
[(59, 38), 2, [(1046.426636964033, -299.0), (1077.6035515002727, -299.0)]],
[(36, 54), 3, [(220.23840175367854, -866.0), (251.41531628991834, -866.0), (235.82685902179844, -893.0)]],
[(28, 50), 1, [(-64.75027757220681, -731.0)]],
[(29, 51), 3, [(-17.98490576784718, -758.0), (-33.57336303596702, -785.0), (-2.396448499727285, -785.0)]],
[(21, 47), 1, [(-314.1655938621251, -623.0)]],
[(44, 30), 2, [(532.0075471160765, -2), (516.4190898479566, -29.0)]],
[(10, 37), 1, [(-703.8770255651225, -272.0)]],
[(51, 38), 1, [(765.8344061378749, -299.0)]],
[(2, 33), 2, [(-984.4692563912806, -110.0), (-1000.0577136594005, -137.0)]],
[(24, 57), 2, [(-205.04639298528588, -974.0), (-189.45793571716598, -1001.0)]],
[(55, 44), 1, [(921.7189788190738, -515.0)]],
[(47, 40), 1, [(625.5382907247958, -380.0)]],
[(17, 54), 2, [(-454.46170927520416, -866.0), (-438.87325200708426, -893.0)]],
[(58, 55), 1, [(1030.8381796959131, -920.0)]],
[(40, 37), 1, [(376.1229744348775, -272.0)]],
[(6, 44), 1, [(-844.1731409782016, -515.0)]],
[(54, 57), 2, [(874.9536070147142, -974.0), (890.542064282834, -1001.0)]],
[(32, 38), 1, [(79.94228634059948, -299.0)]],
[(51, 51), 2, [(781.4228634059948, -758.0), (765.8344061378749, -785.0)]],
[(43, 47), 1, [(485.2421753117168, -623.0)]],
[(17, 31), 1, [(-454.46170927520416, -56.0)]],
[(36, 44), 1, [(235.82685902179844, -515.0)]],
[(28, 40), 1, [(-49.161820304086916, -380.0)]],
[(5, 56), 1, [(-875.3500555144414, -947.0)]],
[(39, 54), 2, [(344.9460598986377, -866.0), (329.3576026305178, -893.0)]],
[(13, 38), 1, [(-594.7578246882832, -299.0)]],
[(32, 51), 2, [(95.53074360871938, -758.0), (79.94228634059948, -785.0)]],
[(24, 47), 1, [(-189.45793571716598, -623.0)]],
[(16, 43), 1, [(-485.63862381144395, -488.0)]],
[(35, 56), 1, [(204.64994448555865, -947.0)]],
[(47, 30), 2, [(625.5382907247958, -2), (641.1267479929157, -29.0)]],
[(5, 33), 2, [(-890.9385127825612, -110.0), (-875.3500555144414, -137.0)]],
[(58, 45), 2, [(1030.8381796959131, -542.0), (1015.2497224277931, -569.0)]],
[(39, 31), 1, [(344.9460598986377, -56.0)]],
[(54, 47), 1, [(890.542064282834, -623.0)]],
[(20, 54), 2, [(-329.754051130245, -866.0), (-345.3425083983649, -893.0)]],
[(23, 59), 2, [(-251.81176478964557, -1055.0), (-220.63485025340577, -1055.0)]],
[(43, 37), 2, [(469.6537180435969, -272.0), (500.8306325798367, -272.0)]],
[(35, 33), 2, [(189.06148721743875, -110.0), (204.64994448555865, -137.0)]],
[(55, 11), 1, [(921.7189788190738, 673.0)]],
[(1, 40), 1, [(-1015.6461709275204, -380.0)]],
[(46, 48), 3, [(594.361376188556, -650.0), (578.7729189204362, -677.0), (609.949833456676, -677.0)]],
[(28, 30), 2, [(-49.161820304086916, -2), (-64.75027757220681, -29.0)]],
[(27, 34), 1, [(-80.33873484032671, -164.0)]],
[(58, 58), 1, [(1030.8381796959131, -1028.0)]],
[(30, 39), 3, [(2, -326.0), (33.17691453623979, -326.0), (17.588457268119896, -353.0)]],
[(50, 54), 2, [(750.245948869755, -866.0), (734.6574916016351, -893.0)]],
[(8, 57), 2, [(-766.2308546376021, -974.0), (-781.819311905722, -1001.0)]],
[(0, 53), 1, [(-1062.4115427318802, -839.0)]],
[(20, 31), 1, [(-329.754051130245, -56.0)]],
[(39, 44), 1, [(329.3576026305178, -515.0)]],
[(31, 40), 1, [(64.35382907247958, -380.0)]],
[(23, 36), 3, [(-236.22330752152567, -218.0), (-251.81176478964557, -245.0), (-220.63485025340577, -245.0)]],
[(51, 18), 2, [(781.4228634059948, 430.0), (765.8344061378749, 403.0)]],
[(4, 59), 1, [(-906.5269700506811, -1055.0)]],
[(24, 37), 1, [(-205.04639298528588, -272.0)]],
[(16, 33), 3, [(-485.63862381144395, -110.0), (-501.22708107956385, -137.0), (-470.05016654332405, -137.0)]],
[(57, 34), 1, [(999.6612651596733, -164.0)]],
[(38, 57), 2, [(313.7691453623979, -974.0), (298.180688094278, -1001.0)]],
[(58, 35), 1, [(1015.2497224277931, -191.0)]],
[(50, 31), 1, [(750.245948869755, -56.0)]],
[(8, 34), 1, [(-766.2308546376021, -164.0)]],
[(27, 47), 1, [(-95.9271921084466, -623.0)]],
[(0, 30), 3, [(-1078, -2), (-1046.8230854637602, -2), (-1062.4115427318802, -29.0)]],
[(19, 43), 2, [(-392.1078802027246, -488.0), (-360.9309656664848, -488.0)]],
[(11, 39), 2, [(-672.7001110288827, -326.0), (-657.1116537607628, -353.0)]],
[(30, 52), 2, [(2, -812.0), (33.17691453623979, -812.0)]],
[(54, 37), 1, [(874.9536070147142, -272.0)]],
[(20, 44), 1, [(-345.3425083983649, -515.0)]],
[(12, 40), 1, [(-641.5231964926429, -380.0)]],
[(4, 36), 2, [(-922.115427318801, -218.0), (-906.5269700506811, -245.0)]],
[(23, 49), 1, [(-236.22330752152567, -704.0)]],
[(43, 27), 3, [(469.6537180435969, 106.0), (500.8306325798367, 106.0), (485.2421753117168, 79.0)]],
[(56, 46), 2, [(937.3074360871938, -596.0), (968.4843506234336, -596.0)]],
[(55, 1), 1, [(906.130521550954, 1024.0)]],
[(1, 30), 2, [(-1015.6461709275204, -2), (-1031.2346281956402, -29.0)]],
[(46, 38), 2, [(578.7729189204362, -299.0), (609.949833456676, -299.0)]],
[(38, 34), 1, [(313.7691453623979, -164.0)]],
[(57, 47), 1, [(984.0728078915533, -623.0)]],
[(49, 43), 2, [(687.8921197972754, -488.0), (719.0690343335152, -488.0)]],
[(7, 46), 1, [(-797.4077691738419, -596.0)]],
[(26, 59), 1, [(-127.1041066446864, -1055.0)]],
[(50, 44), 1, [(734.6574916016351, -515.0)]],
[(42, 40), 1, [(438.4768035073571, -380.0)]],
[(8, 47), 1, [(-781.819311905722, -623.0)]],
[(0, 43), 2, [(-1078, -488.0), (-1046.8230854637602, -488.0)]],
[(52, 53), 1, [(797.0113206741146, -839.0)]],
[(31, 30), 2, [(64.35382907247958, -2), (48.76537180435969, -29.0)]],
[(51, 8), 1, [(765.8344061378749, 781.0)]],
[(34, 41), 1, [(173.47302994931886, -407.0)]],
[(53, 54), 3, [(843.7766924784744, -866.0), (828.1882352103544, -893.0), (859.3651497465942, -893.0)]],
[(37, 46), 1, [(282.59223082615813, -596.0)]],
[(56, 59), 1, [(952.8958933553135, -1055.0)]],
[(3, 53), 2, [(-968.8807991231607, -839.0), (-937.7038845869209, -839.0)]],
[(26, 36), 3, [(-142.6925639128063, -218.0), (-111.5156493765665, -218.0), (-127.1041066446864, -245.0)]],
[(46, 51), 3, [(594.361376188556, -758.0), (578.7729189204362, -785.0), (609.949833456676, -785.0)]],
[(18, 32), 1, [(-407.69633747084447, -83.0)]],
[(38, 47), 1, [(298.180688094278, -623.0)]],
[(58, 25), 1, [(1030.8381796959131, 160.0)]],
[(7, 59), 1, [(-812.9962264419618, -1055.0)]],
[(19, 33), 3, [(-392.1078802027246, -110.0), (-360.9309656664848, -110.0), (-376.5194229346047, -137.0)]],
[(39, 11), 1, [(329.3576026305178, 673.0)]],
[(41, 57), 2, [(407.2998889711173, -974.0), (422.8883462392372, -1001.0)]],
[(33, 53), 2, [(111.11920087683927, -839.0), (142.29611541307906, -839.0)]],
[(53, 31), 1, [(843.7766924784744, -56.0)]],
[(25, 49), 1, [(-173.86947844904608, -704.0)]],
[(56, 36), 3, [(937.3074360871938, -218.0), (968.4843506234336, -218.0), (952.8958933553135, -245.0)]],
[(22, 43), 1, [(-267.40022205776546, -488.0)]],
[(14, 39), 2, [(-547.9924528839235, -326.0), (-563.5809101520434, -353.0)]],
[(34, 54), 2, [(157.88457268119896, -866.0), (173.47302994931886, -893.0)]],
[(37, 59), 1, [(267.00377355803823, -1055.0)]],
[(49, 33), 3, [(687.8921197972754, -110.0), (719.0690343335152, -110.0), (703.4805770653953, -137.0)]],
[(21, 56), 1, [(-314.1655938621251, -947.0)]],
[(41, 34), 1, [(407.2998889711173, -164.0)]],
[(52, 43), 1, [(812.5997779422346, -488.0)]],
[(44, 39), 2, [(532.0075471160765, -326.0), (516.4190898479566, -353.0)]],
[(10, 46), 1, [(-703.8770255651225, -596.0)]],
[(34, 31), 1, [(157.88457268119896, -56.0)]],
[(53, 44), 2, [(828.1882352103544, -515.0), (859.3651497465942, -515.0)]],
[(40, 46), 1, [(376.1229744348775, -596.0)]],
[(39, 1), 1, [(344.9460598986377, 1024.0)]],
[(25, 39), 2, [(-173.86947844904608, -326.0), (-158.2810211809262, -353.0)]],
[(46, 18), 3, [(594.361376188556, 430.0), (578.7729189204362, 403.0), (609.949833456676, 403.0)]],
[(7, 26), 1, [(-812.9962264419618, 133.0)]],
[(27, 4), 1, [(-80.33873484032671, 916.0)]],
[(19, 0), 3, [(-392.1078802027246, 1078), (-360.9309656664848, 1078), (-376.5194229346047, 1051.0)]],
[(30, 9), 3, [(2, 754.0), (33.17691453623979, 754.0), (17.588457268119896, 727.0)]],
[(21, 46), 1, [(-298.5771365940052, -596.0)]],
[(0, 23), 1, [(-1062.4115427318802, 241.0)]],
[(10, 36), 3, [(-703.8770255651225, -218.0), (-719.4654828332424, -245.0), (-688.2885682970026, -245.0)]],
[(2, 32), 1, [(-1000.0577136594005, -83.0)]],
[(22, 10), 1, [(-267.40022205776546, 700.0)]],
[(37, 26), 1, [(267.00377355803823, 133.0)]],
[(57, 4), 1, [(999.6612651596733, 916.0)]],
[(49, 0), 3, [(687.8921197972754, 1078), (719.0690343335152, 1078), (703.4805770653953, 1051.0)]],
[(15, 7), 1, [(-516.8155383476837, 808.0)]],
[(7, 3), 2, [(-797.4077691738419, 970.0), (-812.9962264419618, 943.0)]],
[(26, 16), 2, [(-142.6925639128063, 484.0), (-111.5156493765665, 484.0)]],
[(18, 12), 2, [(-423.28479473896437, 646.0), (-407.69633747084447, 619.0)]],
[(9, 49), 1, [(-735.0539401013623, -704.0)]],
[(29, 27), 3, [(-17.98490576784718, 106.0), (-33.57336303596702, 79.0), (-2.396448499727285, 79.0)]],
[(8, 4), 1, [(-766.2308546376021, 916.0)]],
[(0, 0), 3, [(-1078, 1078), (-1046.8230854637602, 1078), (-1062.4115427318802, 1051.0)]],
[(40, 36), 3, [(376.1229744348775, -218.0), (360.5345171667576, -245.0), (391.7114317029974, -245.0)]],
[(11, 9), 2, [(-672.7001110288827, 754.0), (-657.1116537607628, 727.0)]],
[(6, 43), 2, [(-859.7615982463215, -488.0), (-828.5846837100817, -488.0)]],
[(52, 10), 1, [(812.5997779422346, 700.0)]],
[(25, 29), 1, [(-158.2810211809262, 25.0)]],
[(45, 7), 1, [(563.1844616523163, 808.0)]],
[(37, 3), 2, [(282.59223082615813, 970.0), (267.00377355803823, 943.0)]],
[(56, 16), 2, [(937.3074360871938, 484.0), (968.4843506234336, 484.0)]],
[(3, 10), 1, [(-953.2923418550408, 700.0)]],
[(22, 23), 1, [(-282.98867932588536, 241.0)]],
[(14, 19), 1, [(-547.9924528839235, 376.0)]],
[(59, 27), 3, [(1062.015094232153, 106.0), (1046.426636964033, 79.0), (1077.6035515002727, 79.0)]],
[(38, 4), 1, [(313.7691453623979, 916.0)]],
[(36, 43), 2, [(220.23840175367854, -488.0), (251.41531628991834, -488.0)]],
[(28, 39), 2, [(-49.161820304086916, -326.0), (-64.75027757220681, -353.0)]],
[(7, 16), 1, [(-797.4077691738419, 484.0)]],
[(48, 17), 1, [(672.3036625291555, 457.0)]],
[(41, 14), 1, [(422.8883462392372, 565.0)]],
[(33, 10), 1, [(126.70765814495917, 700.0)]],
[(52, 23), 1, [(797.0113206741146, 241.0)]],
[(25, 6), 2, [(-173.86947844904608, 862.0), (-158.2810211809262, 835.0)]],
[(44, 19), 1, [(532.0075471160765, 376.0)]],
[(10, 26), 2, [(-719.4654828332424, 133.0), (-688.2885682970026, 133.0)]],
[(2, 22), 1, [(-984.4692563912806, 268.0)]],
[(22, 0), 2, [(-267.40022205776546, 1078), (-282.98867932588536, 1051.0)]],
[(34, 11), 1, [(173.47302994931886, 673.0)]],
[(37, 16), 1, [(282.59223082615813, 484.0)]],
[(24, 46), 1, [(-205.04639298528588, -596.0)]],
[(3, 23), 2, [(-968.8807991231607, 241.0), (-937.7038845869209, 241.0)]],
[(47, 29), 1, [(641.1267479929157, 25.0)]],
[(26, 6), 3, [(-142.6925639128063, 862.0), (-111.5156493765665, 862.0), (-127.1041066446864, 835.0)]],
[(18, 2), 1, [(-407.69633747084447, 997.0)]],
[(9, 39), 2, [(-735.0539401013623, -326.0), (-750.6423973694822, -353.0)]],
[(29, 17), 2, [(-33.57336303596702, 457.0), (-2.396448499727285, 457.0)]],
[(21, 13), 1, [(-298.5771365940052, 592.0)]],
[(40, 26), 2, [(360.5345171667576, 133.0), (391.7114317029974, 133.0)]],
[(52, 0), 2, [(812.5997779422346, 1078), (797.0113206741146, 1051.0)]],
[(10, 3), 3, [(-703.8770255651225, 970.0), (-719.4654828332424, 943.0), (-688.2885682970026, 943.0)]],
[(54, 46), 1, [(874.9536070147142, -596.0)]],
[(33, 23), 2, [(111.11920087683927, 241.0), (142.29611541307906, 241.0)]],
[(25, 19), 1, [(-173.86947844904608, 376.0)]],
[(53, 1), 1, [(843.7766924784744, 1024.0)]],
[(23, 58), 1, [(-236.22330752152567, -1028.0)]],
[(56, 6), 3, [(937.3074360871938, 862.0), (968.4843506234336, 862.0), (952.8958933553135, 835.0)]],
[(3, 0), 3, [(-953.2923418550408, 1078), (-968.8807991231607, 1051.0), (-937.7038845869209, 1051.0)]],
[(22, 13), 1, [(-267.40022205776546, 592.0)]],
[(14, 9), 2, [(-547.9924528839235, 754.0), (-563.5809101520434, 727.0)]],
[(55, 10), 1, [(906.130521550954, 700.0)]],
[(59, 17), 2, [(1046.426636964033, 457.0), (1077.6035515002727, 457.0)]],
[(28, 29), 1, [(-64.75027757220681, 25.0)]],
[(48, 7), 1, [(656.7152052610356, 808.0)]],
[(40, 3), 3, [(376.1229744348775, 970.0), (360.5345171667576, 943.0), (391.7114317029974, 943.0)]],
[(6, 10), 2, [(-859.7615982463215, 700.0), (-828.5846837100817, 700.0)]],
[(21, 26), 1, [(-314.1655938621251, 133.0)]],
[(41, 4), 1, [(407.2998889711173, 916.0)]],
[(33, 0), 3, [(126.70765814495917, 1078), (111.11920087683927, 1051.0), (142.29611541307906, 1051.0)]],
[(52, 13), 1, [(812.5997779422346, 592.0)]],
[(44, 9), 2, [(532.0075471160765, 754.0), (516.4190898479566, 727.0)]],
[(10, 16), 1, [(-703.8770255651225, 484.0)]],
[(51, 17), 1, [(765.8344061378749, 457.0)]],
[(2, 12), 2, [(-984.4692563912806, 646.0), (-1000.0577136594005, 619.0)]],
[(13, 27), 3, [(-610.3462819564031, 106.0), (-579.1693674201633, 106.0), (-594.7578246882832, 79.0)]],
[(4, 58), 1, [(-922.115427318801, -1028.0)]],
[(24, 36), 2, [(-205.04639298528588, -218.0), (-189.45793571716598, -245.0)]],
[(16, 32), 2, [(-501.22708107956385, -83.0), (-470.05016654332405, -83.0)]],
[(36, 10), 2, [(220.23840175367854, 700.0), (251.41531628991834, 700.0)]],
[(28, 6), 2, [(-49.161820304086916, 862.0), (-64.75027757220681, 835.0)]],
[(5, 22), 1, [(-890.9385127825612, 268.0)]],
[(9, 29), 1, [(-750.6423973694822, 25.0)]],
[(29, 7), 1, [(-17.98490576784718, 808.0)]],
[(21, 3), 2, [(-298.5771365940052, 970.0), (-314.1655938621251, 943.0)]],
[(40, 16), 1, [(376.1229744348775, 484.0)]],
[(54, 36), 2, [(874.9536070147142, -218.0), (890.542064282834, -245.0)]],
[(25, 9), 2, [(-173.86947844904608, 754.0), (-158.2810211809262, 727.0)]],
[(32, 17), 1, [(79.94228634059948, 457.0)]],
[(24, 13), 1, [(-205.04639298528588, 592.0)]],
[(43, 26), 1, [(485.2421753117168, 133.0)]],
[(35, 22), 1, [(189.06148721743875, 268.0)]],
[(55, 0), 2, [(906.130521550954, 1078), (921.7189788190738, 1051.0)]],
[(1, 29), 1, [(-1031.2346281956402, 25.0)]],
[(59, 7), 1, [(1062.015094232153, 808.0)]],
[(17, 10), 1, [(-454.46170927520416, 700.0)]],
[(9, 6), 2, [(-735.0539401013623, 862.0), (-750.6423973694822, 835.0)]],
[(28, 19), 1, [(-49.161820304086916, 376.0)]],
[(6, 0), 3, [(-859.7615982463215, 1078), (-828.5846837100817, 1078), (-844.1731409782016, 1051.0)]],
[(21, 16), 1, [(-298.5771365940052, 484.0)]],
[(54, 13), 1, [(874.9536070147142, 592.0)]],
[(31, 29), 1, [(48.76537180435969, 25.0)]],
[(10, 6), 3, [(-703.8770255651225, 862.0), (-719.4654828332424, 835.0), (-688.2885682970026, 835.0)]],
[(23, 25), 1, [(-236.22330752152567, 160.0)]],
[(51, 7), 1, [(781.4228634059948, 808.0)]],
[(2, 2), 1, [(-1000.0577136594005, 997.0)]],
[(43, 3), 3, [(469.6537180435969, 970.0), (500.8306325798367, 970.0), (485.2421753117168, 943.0)]],
[(13, 17), 1, [(-594.7578246882832, 457.0)]],
[(24, 26), 1, [(-189.45793571716598, 133.0)]],
[(36, 0), 3, [(220.23840175367854, 1078), (251.41531628991834, 1078), (235.82685902179844, 1051.0)]],
[(47, 9), 2, [(625.5382907247958, 754.0), (641.1267479929157, 727.0)]],
[(5, 12), 2, [(-890.9385127825612, 646.0), (-875.3500555144414, 619.0)]],
[(58, 24), 2, [(1030.8381796959131, 214.0), (1015.2497224277931, 187.0)]],
[(9, 19), 1, [(-735.0539401013623, 376.0)]],
[(40, 6), 3, [(376.1229744348775, 862.0), (360.5345171667576, 835.0), (391.7114317029974, 835.0)]],
[(6, 13), 2, [(-859.7615982463215, 592.0), (-828.5846837100817, 592.0)]],
[(54, 26), 1, [(890.542064282834, 133.0)]],
[(12, 29), 1, [(-625.934739224523, 25.0)]],
[(32, 7), 1, [(95.53074360871938, 808.0)]],
[(24, 3), 2, [(-205.04639298528588, 970.0), (-189.45793571716598, 943.0)]],
[(43, 16), 2, [(469.6537180435969, 484.0), (500.8306325798367, 484.0)]],
[(35, 12), 2, [(189.06148721743875, 646.0), (204.64994448555865, 619.0)]],
[(1, 19), 1, [(-1015.6461709275204, 376.0)]],
[(46, 27), 3, [(594.361376188556, 106.0), (578.7729189204362, 79.0), (609.949833456676, 79.0)]],
[(17, 0), 2, [(-454.46170927520416, 1078), (-438.87325200708426, 1051.0)]],
[(36, 13), 2, [(220.23840175367854, 592.0), (251.41531628991834, 592.0)]],
[(28, 9), 2, [(-49.161820304086916, 754.0), (-64.75027757220681, 727.0)]],
[(42, 29), 1, [(454.065260775477, 25.0)]],
[(54, 3), 2, [(874.9536070147142, 970.0), (890.542064282834, 943.0)]],
[(20, 10), 1, [(-329.754051130245, 700.0)]],
[(12, 6), 2, [(-641.5231964926429, 862.0), (-625.934739224523, 835.0)]],
[(31, 19), 1, [(64.35382907247958, 376.0)]],
[(23, 15), 3, [(-236.22330752152567, 538.0), (-251.81176478964557, 511.0), (-220.63485025340577, 511.0)]],
[(13, 7), 2, [(-610.3462819564031, 808.0), (-579.1693674201633, 808.0)]],
[(24, 16), 1, [(-205.04639298528588, 484.0)]],
[(16, 12), 3, [(-485.63862381144395, 646.0), (-501.22708107956385, 619.0), (-470.05016654332405, 619.0)]],
[(5, 2), 1, [(-875.3500555144414, 997.0)]],
[(58, 14), 1, [(1015.2497224277931, 565.0)]],
[(9, 9), 2, [(-735.0539401013623, 754.0), (-750.6423973694822, 727.0)]],
[(50, 10), 1, [(750.245948869755, 700.0)]],
[(42, 6), 2, [(438.4768035073571, 862.0), (454.065260775477, 835.0)]],
[(8, 13), 1, [(-766.2308546376021, 592.0)]],
[(27, 26), 1, [(-95.9271921084466, 133.0)]],
[(19, 22), 2, [(-392.1078802027246, 268.0), (-360.9309656664848, 268.0)]],
[(11, 18), 2, [(-672.7001110288827, 430.0), (-657.1116537607628, 403.0)]],
[(39, 0), 2, [(344.9460598986377, 1078), (329.3576026305178, 1051.0)]],
[(54, 16), 1, [(874.9536070147142, 484.0)]],
[(4, 15), 2, [(-922.115427318801, 538.0), (-906.5269700506811, 511.0)]],
[(23, 28), 1, [(-236.22330752152567, 52.0)]],
[(35, 2), 1, [(204.64994448555865, 997.0)]],
[(1, 9), 2, [(-1015.6461709275204, 754.0), (-1031.2346281956402, 727.0)]],
[(46, 17), 2, [(578.7729189204362, 457.0), (609.949833456676, 457.0)]],
[(38, 13), 1, [(313.7691453623979, 592.0)]],
[(57, 26), 1, [(984.0728078915533, 133.0)]],
[(49, 22), 2, [(687.8921197972754, 268.0), (719.0690343335152, 268.0)]],
[(15, 29), 1, [(-532.4039956158036, 25.0)]],
[(27, 3), 2, [(-80.33873484032671, 970.0), (-95.9271921084466, 943.0)]],
[(30, 8), 1, [(17.588457268119896, 781.0)]],
[(0, 22), 2, [(-1078, 268.0), (-1046.8230854637602, 268.0)]],
[(20, 0), 2, [(-329.754051130245, 1078), (-345.3425083983649, 1051.0)]],
[(30, 44), 1, [(17.588457268119896, -515.0)]],
[(31, 9), 2, [(64.35382907247958, 754.0), (48.76537180435969, 727.0)]],
[(23, 5), 2, [(-251.81176478964557, 889.0), (-220.63485025340577, 889.0)]],
[(34, 20), 1, [(173.47302994931886, 349.0)]],
[(4, 28), 1, [(-922.115427318801, 52.0)]],
[(45, 29), 1, [(547.5960043841964, 25.0)]],
[(24, 6), 2, [(-205.04639298528588, 862.0), (-189.45793571716598, 835.0)]],
[(16, 2), 2, [(-501.22708107956385, 997.0), (-470.05016654332405, 997.0)]],
[(57, 3), 2, [(999.6612651596733, 970.0), (984.0728078915533, 943.0)]],
[(26, 15), 3, [(-142.6925639128063, 538.0), (-111.5156493765665, 538.0), (-127.1041066446864, 511.0)]],
[(58, 4), 1, [(1030.8381796959131, 916.0)]],
[(50, 0), 2, [(750.245948869755, 1078), (734.6574916016351, 1051.0)]],
[(8, 3), 2, [(-766.2308546376021, 970.0), (-781.819311905722, 943.0)]],
[(26, 51), 3, [(-142.6925639128063, -758.0), (-111.5156493765665, -758.0), (-127.1041066446864, -785.0)]],
[(27, 16), 1, [(-80.33873484032671, 484.0)]],
[(18, 47), 1, [(-407.69633747084447, -623.0)]],
[(19, 12), 3, [(-392.1078802027246, 646.0), (-360.9309656664848, 646.0), (-376.5194229346047, 619.0)]],
[(11, 8), 1, [(-657.1116537607628, 781.0)]],
[(0, 35), 1, [(-1062.4115427318802, -191.0)]],
[(53, 10), 1, [(843.7766924784744, 700.0)]],
[(56, 15), 3, [(937.3074360871938, 538.0), (968.4843506234336, 538.0), (952.8958933553135, 511.0)]],
[(46, 7), 1, [(594.361376188556, 808.0)]],
[(38, 3), 2, [(313.7691453623979, 970.0), (298.180688094278, 943.0)]],
[(56, 51), 3, [(937.3074360871938, -758.0), (968.4843506234336, -758.0), (952.8958933553135, -785.0)]],
[(57, 16), 1, [(999.6612651596733, 484.0)]],
[(3, 45), 3, [(-953.2923418550408, -542.0), (-968.8807991231607, -569.0), (-937.7038845869209, -569.0)]],
[(49, 12), 3, [(687.8921197972754, 646.0), (719.0690343335152, 646.0), (703.4805770653953, 619.0)]],
[(22, 58), 1, [(-267.40022205776546, -1028.0)]],
[(14, 54), 2, [(-547.9924528839235, -866.0), (-563.5809101520434, -893.0)]],
[(55, 55), 1, [(906.130521550954, -920.0)]],
[(33, 45), 3, [(126.70765814495917, -542.0), (111.11920087683927, -569.0), (142.29611541307906, -569.0)]],
[(34, 10), 1, [(157.88457268119896, 700.0)]],
[(52, 58), 1, [(812.5997779422346, -1028.0)]],
[(25, 41), 1, [(-158.2810211809262, -407.0)]],
[(53, 23), 2, [(828.1882352103544, 241.0), (859.3651497465942, 241.0)]],
[(44, 54), 2, [(532.0075471160765, -866.0), (516.4190898479566, -893.0)]],
[(2, 57), 2, [(-984.4692563912806, -974.0), (-1000.0577136594005, -1001.0)]],
[(22, 35), 1, [(-282.98867932588536, -191.0)]],
[(14, 31), 1, [(-547.9924528839235, -56.0)]],
[(15, 32), 1, [(-532.4039956158036, -83.0)]],
[(48, 29), 1, [(672.3036625291555, 25.0)]],
[(18, 37), 1, [(-423.28479473896437, -272.0)]],
[(29, 52), 1, [(-17.98490576784718, -812.0)]],
[(21, 48), 2, [(-298.5771365940052, -650.0), (-314.1655938621251, -677.0)]],
[(52, 35), 1, [(797.0113206741146, -191.0)]],
[(44, 31), 1, [(532.0075471160765, -56.0)]],
[(10, 38), 2, [(-719.4654828332424, -299.0), (-688.2885682970026, -299.0)]],
[(25, 54), 2, [(-173.86947844904608, -866.0), (-158.2810211809262, -893.0)]],
[(45, 32), 1, [(547.5960043841964, -83.0)]],
[(3, 35), 2, [(-968.8807991231607, -191.0), (-937.7038845869209, -191.0)]],
[(14, 44), 1, [(-563.5809101520434, -515.0)]],
[(55, 45), 2, [(906.130521550954, -542.0), (921.7189788190738, -569.0)]],
[(59, 52), 1, [(1062.015094232153, -812.0)]],
[(48, 42), 2, [(656.7152052610356, -434.0), (672.3036625291555, -461.0)]],
[(40, 38), 2, [(360.5345171667576, -299.0), (391.7114317029974, -299.0)]],
[(6, 45), 3, [(-859.7615982463215, -542.0), (-828.5846837100817, -542.0), (-844.1731409782016, -569.0)]],
[(41, 39), 2, [(407.2998889711173, -326.0), (422.8883462392372, -353.0)]],
[(33, 35), 2, [(111.11920087683927, -191.0), (142.29611541307906, -191.0)]],
[(25, 31), 1, [(-173.86947844904608, -56.0)]],
[(44, 44), 1, [(516.4190898479566, -515.0)]],
[(10, 51), 3, [(-703.8770255651225, -758.0), (-719.4654828332424, -785.0), (-688.2885682970026, -785.0)]],
[(2, 47), 1, [(-1000.0577136594005, -623.0)]],
[(36, 45), 3, [(220.23840175367854, -542.0), (251.41531628991834, -542.0), (235.82685902179844, -569.0)]],
[(55, 58), 1, [(906.130521550954, -1028.0)]],
[(47, 54), 2, [(625.5382907247958, -866.0), (641.1267479929157, -893.0)]],
[(5, 57), 2, [(-890.9385127825612, -974.0), (-875.3500555144414, -1001.0)]],
[(29, 42), 3, [(-17.98490576784718, -434.0), (-33.57336303596702, -461.0), (-2.396448499727285, -461.0)]],
[(21, 38), 1, [(-314.1655938621251, -299.0)]],
[(40, 51), 3, [(376.1229744348775, -758.0), (360.5345171667576, -785.0), (391.7114317029974, -785.0)]],
[(6, 58), 2, [(-859.7615982463215, -1028.0), (-828.5846837100817, -1028.0)]],
[(59, 6), 3, [(1062.015094232153, 862.0), (1046.426636964033, 835.0), (1077.6035515002727, 835.0)]],
[(32, 52), 1, [(95.53074360871938, -812.0)]],
[(35, 57), 2, [(189.06148721743875, -974.0), (204.64994448555865, -1001.0)]],
[(55, 35), 1, [(921.7189788190738, -191.0)]],
[(47, 31), 1, [(625.5382907247958, -56.0)]],
[(59, 42), 3, [(1062.015094232153, -434.0), (1046.426636964033, -461.0), (1077.6035515002727, -461.0)]],
[(17, 45), 2, [(-454.46170927520416, -542.0), (-438.87325200708426, -569.0)]],
[(36, 58), 2, [(220.23840175367854, -1028.0), (251.41531628991834, -1028.0)]],
[(9, 41), 1, [(-750.6423973694822, -407.0)]],
[(28, 54), 2, [(-49.161820304086916, -866.0), (-64.75027757220681, -893.0)]],
[(48, 32), 1, [(672.3036625291555, -83.0)]],
[(6, 35), 1, [(-844.1731409782016, -191.0)]],
[(51, 42), 2, [(781.4228634059948, -434.0), (765.8344061378749, -461.0)]],
[(2, 37), 1, [(-984.4692563912806, -272.0)]],
[(43, 38), 1, [(485.2421753117168, -299.0)]],
[(13, 52), 2, [(-610.3462819564031, -812.0), (-579.1693674201633, -812.0)]],
[(16, 57), 3, [(-485.63862381144395, -974.0), (-501.22708107956385, -1001.0), (-470.05016654332405, -1001.0)]],
[(36, 35), 1, [(235.82685902179844, -191.0)]],
[(28, 31), 1, [(-49.161820304086916, -56.0)]],
[(47, 44), 1, [(641.1267479929157, -515.0)]],
[(5, 47), 1, [(-875.3500555144414, -623.0)]],
[(58, 59), 1, [(1015.2497224277931, -1055.0)]],
[(9, 54), 2, [(-735.0539401013623, -866.0), (-750.6423973694822, -893.0)]],
[(39, 45), 2, [(344.9460598986377, -542.0), (329.3576026305178, -569.0)]],
[(32, 42), 2, [(95.53074360871938, -434.0), (79.94228634059948, -461.0)]],
[(24, 38), 1, [(-189.45793571716598, -299.0)]],
[(43, 51), 3, [(469.6537180435969, -758.0), (500.8306325798367, -758.0), (485.2421753117168, -785.0)]],
[(35, 47), 1, [(204.64994448555865, -623.0)]],
[(55, 25), 1, [(906.130521550954, 160.0)]],
[(1, 54), 2, [(-1015.6461709275204, -866.0), (-1031.2346281956402, -893.0)]],
[(17, 35), 1, [(-438.87325200708426, -191.0)]],
[(58, 36), 2, [(1030.8381796959131, -218.0), (1015.2497224277931, -245.0)]],
[(9, 31), 1, [(-735.0539401013623, -56.0)]],
[(28, 44), 1, [(-64.75027757220681, -515.0)]],
[(30, 53), 1, [(17.588457268119896, -839.0)]],
[(54, 38), 1, [(890.542064282834, -299.0)]],
[(20, 45), 2, [(-329.754051130245, -542.0), (-345.3425083983649, -569.0)]],
[(39, 58), 1, [(344.9460598986377, -1028.0)]],
[(31, 54), 2, [(64.35382907247958, -866.0), (48.76537180435969, -893.0)]],
[(51, 32), 1, [(765.8344061378749, -83.0)]],
[(23, 50), 2, [(-251.81176478964557, -731.0), (-220.63485025340577, -731.0)]],
[(13, 42), 3, [(-610.3462819564031, -434.0), (-579.1693674201633, -434.0), (-594.7578246882832, -461.0)]],
[(24, 51), 2, [(-205.04639298528588, -758.0), (-189.45793571716598, -785.0)]],
[(16, 47), 2, [(-501.22708107956385, -623.0), (-470.05016654332405, -623.0)]],
[(5, 37), 1, [(-890.9385127825612, -272.0)]],
[(58, 49), 1, [(1030.8381796959131, -704.0)]],
[(50, 45), 2, [(750.245948869755, -542.0), (734.6574916016351, -569.0)]],
[(8, 48), 2, [(-766.2308546376021, -650.0), (-781.819311905722, -677.0)]],
[(0, 44), 1, [(-1062.4115427318802, -515.0)]],
[(19, 57), 3, [(-392.1078802027246, -974.0), (-360.9309656664848, -974.0), (-376.5194229346047, -1001.0)]],
[(39, 35), 1, [(329.3576026305178, -191.0)]],
[(20, 58), 1, [(-329.754051130245, -1028.0)]],
[(12, 54), 2, [(-641.5231964926429, -866.0), (-625.934739224523, -893.0)]],
[(53, 55), 1, [(843.7766924784744, -920.0)]],
[(32, 32), 1, [(79.94228634059948, -83.0)]],
[(4, 50), 1, [(-906.5269700506811, -731.0)]],
[(35, 37), 1, [(189.06148721743875, -272.0)]],
[(55, 15), 2, [(906.130521550954, 538.0), (921.7189788190738, 511.0)]],
[(1, 44), 1, [(-1031.2346281956402, -515.0)]],
[(38, 48), 2, [(313.7691453623979, -650.0), (298.180688094278, -677.0)]],
[(49, 57), 3, [(687.8921197972754, -974.0), (719.0690343335152, -974.0), (703.4805770653953, -1001.0)]],
[(27, 38), 1, [(-95.9271921084466, -299.0)]],
[(19, 34), 2, [(-392.1078802027246, -164.0), (-360.9309656664848, -164.0)]],
[(30, 43), 2, [(2, -488.0), (33.17691453623979, -488.0)]],
[(42, 54), 2, [(438.4768035073571, -866.0), (454.065260775477, -893.0)]],
[(0, 57), 3, [(-1078, -974.0), (-1046.8230854637602, -974.0), (-1062.4115427318802, -1001.0)]],
[(20, 35), 1, [(-345.3425083983649, -191.0)]],
[(12, 31), 1, [(-641.5231964926429, -56.0)]],
[(31, 44), 1, [(48.76537180435969, -515.0)]],
[(23, 40), 1, [(-236.22330752152567, -380.0)]],
[(57, 38), 1, [(984.0728078915533, -299.0)]],
[(49, 34), 2, [(687.8921197972754, -164.0), (719.0690343335152, -164.0)]],
[(15, 41), 1, [(-532.4039956158036, -407.0)]],
[(26, 50), 1, [(-127.1041066446864, -731.0)]],
[(18, 46), 1, [(-423.28479473896437, -596.0)]],
[(58, 39), 2, [(1030.8381796959131, -326.0), (1015.2497224277931, -353.0)]],
[(50, 35), 1, [(734.6574916016351, -191.0)]],
[(42, 31), 1, [(438.4768035073571, -56.0)]],
[(8, 38), 1, [(-781.819311905722, -299.0)]],
[(27, 51), 2, [(-80.33873484032671, -758.0), (-95.9271921084466, -785.0)]],
[(0, 34), 2, [(-1078, -164.0), (-1046.8230854637602, -164.0)]],
[(11, 43), 1, [(-672.7001110288827, -488.0)]],
[(30, 56), 1, [(17.588457268119896, -947.0)]],
[(34, 32), 1, [(173.47302994931886, -83.0)]],
[(53, 45), 3, [(843.7766924784744, -542.0), (828.1882352103544, -569.0), (859.3651497465942, -569.0)]],
[(4, 40), 1, [(-922.115427318801, -380.0)]],
[(45, 41), 1, [(547.5960043841964, -407.0)]],
[(37, 37), 1, [(282.59223082615813, -272.0)]],
[(56, 50), 1, [(952.8958933553135, -731.0)]],
[(22, 57), 2, [(-267.40022205776546, -974.0), (-282.98867932588536, -1001.0)]],
[(47, 1), 1, [(625.5382907247958, 1024.0)]],
[(46, 42), 3, [(594.361376188556, -434.0), (578.7729189204362, -461.0), (609.949833456676, -461.0)]],
[(38, 38), 1, [(298.180688094278, -299.0)]],
[(57, 51), 2, [(999.6612651596733, -758.0), (984.0728078915533, -785.0)]],
[(15, 54), 2, [(-516.8155383476837, -866.0), (-532.4039956158036, -893.0)]],
[(18, 59), 1, [(-407.69633747084447, -1055.0)]],
[(41, 48), 2, [(407.2998889711173, -650.0), (422.8883462392372, -677.0)]],
[(52, 57), 2, [(812.5997779422346, -974.0), (797.0113206741146, -1001.0)]],
[(43, 8), 1, [(485.2421753117168, 781.0)]],
[(22, 34), 1, [(-267.40022205776546, -164.0)]],
[(34, 45), 2, [(157.88457268119896, -542.0), (173.47302994931886, -569.0)]],
[(53, 58), 1, [(843.7766924784744, -1028.0)]],
[(45, 54), 2, [(563.1844616523163, -866.0), (547.5960043841964, -893.0)]],
[(39, 15), 2, [(344.9460598986377, 538.0), (329.3576026305178, 511.0)]],
[(52, 34), 1, [(812.5997779422346, -164.0)]],
[(53, 35), 2, [(828.1882352103544, -191.0), (859.3651497465942, -191.0)]],
[(3, 34), 1, [(-953.2923418550408, -164.0)]],
[(46, 32), 2, [(578.7729189204362, -83.0), (609.949833456676, -83.0)]],
[(59, 51), 3, [(1062.015094232153, -758.0), (1046.426636964033, -785.0), (1077.6035515002727, -785.0)]],
[(58, 6), 2, [(1030.8381796959131, 862.0), (1015.2497224277931, 835.0)]],
[(48, 41), 1, [(672.3036625291555, -407.0)]],
[(30, 23), 1, [(17.588457268119896, 241.0)]],
[(41, 38), 1, [(422.8883462392372, -299.0)]],
[(33, 34), 1, [(126.70765814495917, -164.0)]],
[(25, 30), 2, [(-173.86947844904608, -2), (-158.2810211809262, -29.0)]],
[(2, 46), 1, [(-984.4692563912806, -596.0)]],
[(15, 21), 2, [(-516.8155383476837, 322.0), (-532.4039956158036, 295.0)]],
[(7, 17), 1, [(-812.9962264419618, 457.0)]],
[(18, 26), 1, [(-407.69633747084447, 133.0)]],
[(30, 0), 3, [(2, 1078), (33.17691453623979, 1078), (17.588457268119896, 1051.0)]],
[(29, 41), 2, [(-33.57336303596702, -407.0), (-2.396448499727285, -407.0)]],
[(8, 18), 2, [(-766.2308546376021, 430.0), (-781.819311905722, 403.0)]],
[(21, 37), 1, [(-298.5771365940052, -272.0)]],
[(0, 14), 1, [(-1062.4115427318802, 565.0)]],
[(10, 27), 3, [(-703.8770255651225, 106.0), (-719.4654828332424, 79.0), (-688.2885682970026, 79.0)]],
[(53, 25), 1, [(843.7766924784744, 160.0)]],
[(45, 21), 2, [(563.1844616523163, 322.0), (547.5960043841964, 295.0)]],
[(37, 17), 1, [(267.00377355803823, 457.0)]],
[(3, 24), 3, [(-953.2923418550408, 214.0), (-968.8807991231607, 187.0), (-937.7038845869209, 187.0)]],
[(26, 7), 2, [(-142.6925639128063, 808.0), (-111.5156493765665, 808.0)]],
[(18, 3), 2, [(-423.28479473896437, 970.0), (-407.69633747084447, 943.0)]],
[(59, 41), 2, [(1046.426636964033, -407.0), (1077.6035515002727, -407.0)]],
[(38, 18), 2, [(313.7691453623979, 430.0), (298.180688094278, 403.0)]],
[(17, 44), 1, [(-438.87325200708426, -515.0)]],
[(27, 8), 1, [(-95.9271921084466, 781.0)]],
[(40, 27), 3, [(376.1229744348775, 106.0), (360.5345171667576, 79.0), (391.7114317029974, 79.0)]],
[(19, 4), 2, [(-392.1078802027246, 916.0), (-360.9309656664848, 916.0)]],
[(11, 0), 2, [(-672.7001110288827, 1078), (-657.1116537607628, 1051.0)]],
[(6, 34), 2, [(-859.7615982463215, -164.0), (-828.5846837100817, -164.0)]],
[(30, 13), 2, [(2, 592.0), (33.17691453623979, 592.0)]],
[(33, 24), 3, [(126.70765814495917, 214.0), (111.11920087683927, 187.0), (142.29611541307906, 187.0)]],
[(25, 20), 1, [(-158.2810211809262, 349.0)]],
[(56, 7), 2, [(937.3074360871938, 808.0), (968.4843506234336, 808.0)]],
[(3, 1), 1, [(-953.2923418550408, 1024.0)]],
[(22, 14), 1, [(-282.98867932588536, 565.0)]],
[(14, 10), 1, [(-547.9924528839235, 700.0)]],
[(13, 51), 3, [(-610.3462819564031, -758.0), (-579.1693674201633, -758.0), (-594.7578246882832, -785.0)]],
[(16, 56), 2, [(-501.22708107956385, -947.0), (-470.05016654332405, -947.0)]],
[(49, 4), 2, [(687.8921197972754, 916.0), (719.0690343335152, 916.0)]],
[(36, 34), 2, [(220.23840175367854, -164.0), (251.41531628991834, -164.0)]],
[(15, 11), 1, [(-532.4039956158036, 673.0)]],
[(7, 7), 1, [(-797.4077691738419, 808.0)]],
[(26, 20), 1, [(-127.1041066446864, 349.0)]],
[(18, 16), 1, [(-423.28479473896437, 484.0)]],
[(21, 27), 2, [(-298.5771365940052, 106.0), (-314.1655938621251, 79.0)]],
[(41, 5), 1, [(422.8883462392372, 889.0)]],
[(33, 1), 1, [(126.70765814495917, 1024.0)]],
[(52, 14), 1, [(797.0113206741146, 565.0)]],
[(44, 10), 1, [(532.0075471160765, 700.0)]],
[(10, 17), 2, [(-719.4654828332424, 457.0), (-688.2885682970026, 457.0)]],
[(2, 13), 1, [(-984.4692563912806, 592.0)]],
[(34, 2), 1, [(173.47302994931886, 997.0)]],
[(45, 11), 1, [(547.5960043841964, 673.0)]],
[(32, 41), 1, [(79.94228634059948, -407.0)]],
[(37, 7), 1, [(282.59223082615813, 808.0)]],
[(56, 20), 1, [(952.8958933553135, 349.0)]],
[(3, 14), 2, [(-968.8807991231607, 565.0), (-937.7038845869209, 565.0)]],
[(22, 27), 2, [(-267.40022205776546, 106.0), (-282.98867932588536, 79.0)]],
[(55, 24), 2, [(906.130521550954, 214.0), (921.7189788190738, 187.0)]],
[(17, 34), 1, [(-454.46170927520416, -164.0)]],
[(9, 30), 2, [(-735.0539401013623, -2), (-750.6423973694822, -29.0)]],
[(29, 8), 2, [(-33.57336303596702, 781.0), (-2.396448499727285, 781.0)]],
[(48, 21), 2, [(656.7152052610356, 322.0), (672.3036625291555, 295.0)]],
[(40, 17), 2, [(360.5345171667576, 457.0), (391.7114317029974, 457.0)]],
[(6, 24), 3, [(-859.7615982463215, 214.0), (-828.5846837100817, 214.0), (-844.1731409782016, 187.0)]],
[(41, 18), 2, [(407.2998889711173, 430.0), (422.8883462392372, 403.0)]],
[(33, 14), 2, [(111.11920087683927, 565.0), (142.29611541307906, 565.0)]],
[(52, 27), 2, [(812.5997779422346, 106.0), (797.0113206741146, 79.0)]],
[(25, 10), 1, [(-173.86947844904608, 700.0)]],
[(2, 26), 1, [(-1000.0577136594005, 133.0)]],
[(22, 4), 1, [(-267.40022205776546, 916.0)]],
[(14, 0), 2, [(-547.9924528839235, 1078), (-563.5809101520434, 1051.0)]],
[(13, 41), 1, [(-594.7578246882832, -407.0)]],
[(59, 8), 2, [(1046.426636964033, 781.0), (1077.6035515002727, 781.0)]],
[(16, 46), 1, [(-485.63862381144395, -596.0)]],
[(36, 24), 3, [(220.23840175367854, 214.0), (251.41531628991834, 214.0), (235.82685902179844, 187.0)]],
[(28, 20), 1, [(-64.75027757220681, 349.0)]],
[(5, 36), 2, [(-890.9385127825612, -218.0), (-875.3500555144414, -245.0)]],
[(58, 48), 2, [(1030.8381796959131, -650.0), (1015.2497224277931, -677.0)]],
[(29, 21), 3, [(-17.98490576784718, 322.0), (-33.57336303596702, 295.0), (-2.396448499727285, 295.0)]],
[(21, 17), 1, [(-314.1655938621251, 457.0)]],
[(52, 4), 1, [(812.5997779422346, 916.0)]],
[(44, 0), 2, [(532.0075471160765, 1078), (516.4190898479566, 1051.0)]],
[(10, 7), 1, [(-703.8770255651225, 808.0)]],
[(2, 3), 2, [(-984.4692563912806, 970.0), (-1000.0577136594005, 943.0)]],
[(24, 27), 2, [(-205.04639298528588, 106.0), (-189.45793571716598, 79.0)]],
[(3, 4), 1, [(-953.2923418550408, 916.0)]],
[(35, 36), 2, [(189.06148721743875, -218.0), (204.64994448555865, -245.0)]],
[(55, 14), 1, [(921.7189788190738, 565.0)]],
[(1, 43), 1, [(-1015.6461709275204, -488.0)]],
[(47, 10), 1, [(625.5382907247958, 700.0)]],
[(59, 21), 3, [(1062.015094232153, 322.0), (1046.426636964033, 295.0), (1077.6035515002727, 295.0)]],
[(17, 24), 2, [(-454.46170927520416, 214.0), (-438.87325200708426, 187.0)]],
[(48, 11), 1, [(672.3036625291555, 673.0)]],
[(40, 7), 1, [(376.1229744348775, 808.0)]],
[(6, 14), 1, [(-844.1731409782016, 565.0)]],
[(54, 27), 2, [(874.9536070147142, 106.0), (890.542064282834, 79.0)]],
[(0, 56), 1, [(-1062.4115427318802, -947.0)]],
[(33, 4), 1, [(126.70765814495917, 916.0)]],
[(25, 0), 2, [(-173.86947844904608, 1078), (-158.2810211809262, 1051.0)]],
[(20, 34), 1, [(-329.754051130245, -164.0)]],
[(31, 43), 1, [(64.35382907247958, -488.0)]],
[(32, 8), 1, [(79.94228634059948, 781.0)]],
[(51, 21), 2, [(781.4228634059948, 322.0), (765.8344061378749, 295.0)]],
[(2, 16), 1, [(-984.4692563912806, 484.0)]],
[(43, 17), 1, [(485.2421753117168, 457.0)]],
[(17, 1), 1, [(-454.46170927520416, 1024.0)]],
[(36, 14), 1, [(235.82685902179844, 565.0)]],
[(28, 10), 1, [(-49.161820304086916, 700.0)]],
[(5, 26), 1, [(-875.3500555144414, 133.0)]],
[(50, 34), 1, [(750.245948869755, -164.0)]],
[(29, 11), 2, [(-33.57336303596702, 673.0), (-2.396448499727285, 673.0)]],
[(21, 7), 1, [(-298.5771365940052, 808.0)]],
[(39, 24), 2, [(344.9460598986377, 214.0), (329.3576026305178, 187.0)]],
[(13, 8), 1, [(-594.7578246882832, 781.0)]],
[(32, 21), 2, [(95.53074360871938, 322.0), (79.94228634059948, 295.0)]],
[(24, 17), 1, [(-189.45793571716598, 457.0)]],
[(16, 13), 1, [(-485.63862381144395, 592.0)]],
[(35, 26), 1, [(204.64994448555865, 133.0)]],
[(47, 0), 2, [(625.5382907247958, 1078), (641.1267479929157, 1051.0)]],
[(59, 11), 2, [(1046.426636964033, 673.0), (1077.6035515002727, 673.0)]],
[(5, 3), 2, [(-890.9385127825612, 970.0), (-875.3500555144414, 943.0)]],
[(17, 14), 1, [(-438.87325200708426, 565.0)]],
[(58, 15), 2, [(1030.8381796959131, 538.0), (1015.2497224277931, 511.0)]],
[(6, 4), 2, [(-859.7615982463215, 916.0), (-828.5846837100817, 916.0)]],
[(54, 17), 1, [(890.542064282834, 457.0)]],
[(20, 24), 2, [(-329.754051130245, 214.0), (-345.3425083983649, 187.0)]],
[(23, 29), 2, [(-251.81176478964557, 25.0), (-220.63485025340577, 25.0)]],
[(43, 7), 2, [(469.6537180435969, 808.0), (500.8306325798367, 808.0)]],
[(35, 3), 2, [(189.06148721743875, 970.0), (204.64994448555865, 943.0)]],
[(1, 10), 1, [(-1015.6461709275204, 700.0)]],
[(13, 21), 3, [(-610.3462819564031, 322.0), (-579.1693674201633, 322.0), (-594.7578246882832, 295.0)]],
[(16, 26), 2, [(-501.22708107956385, 133.0), (-470.05016654332405, 133.0)]],
[(36, 4), 2, [(220.23840175367854, 916.0), (251.41531628991834, 916.0)]],
[(28, 0), 2, [(-49.161820304086916, 1078), (-64.75027757220681, 1051.0)]],
[(58, 28), 1, [(1030.8381796959131, 52.0)]],
[(50, 24), 2, [(750.245948869755, 214.0), (734.6574916016351, 187.0)]],
[(8, 27), 2, [(-766.2308546376021, 106.0), (-781.819311905722, 79.0)]],
[(20, 1), 1, [(-329.754051130245, 1024.0)]],
[(39, 14), 1, [(329.3576026305178, 565.0)]],
[(31, 10), 1, [(64.35382907247958, 700.0)]],
[(23, 6), 3, [(-236.22330752152567, 862.0), (-251.81176478964557, 835.0), (-220.63485025340577, 835.0)]],
[(4, 29), 1, [(-906.5269700506811, 25.0)]],
[(32, 11), 1, [(79.94228634059948, 673.0)]],
[(24, 7), 1, [(-205.04639298528588, 808.0)]],
[(16, 3), 3, [(-485.63862381144395, 970.0), (-501.22708107956385, 943.0), (-470.05016654332405, 943.0)]],
[(38, 27), 2, [(313.7691453623979, 106.0), (298.180688094278, 79.0)]],
[(17, 4), 1, [(-454.46170927520416, 916.0)]],
[(58, 5), 1, [(1015.2497224277931, 889.0)]],
[(9, 0), 2, [(-735.0539401013623, 1078), (-750.6423973694822, 1051.0)]],
[(50, 1), 1, [(750.245948869755, 1024.0)]],
[(27, 17), 1, [(-95.9271921084466, 457.0)]],
[(19, 13), 2, [(-392.1078802027246, 592.0), (-360.9309656664848, 592.0)]],
[(30, 22), 2, [(2, 268.0), (33.17691453623979, 268.0)]],
[(54, 7), 1, [(874.9536070147142, 808.0)]],
[(20, 14), 1, [(-345.3425083983649, 565.0)]],
[(12, 10), 1, [(-641.5231964926429, 700.0)]],
[(4, 6), 2, [(-922.115427318801, 862.0), (-906.5269700506811, 835.0)]],
[(23, 19), 1, [(-236.22330752152567, 376.0)]],
[(1, 0), 2, [(-1015.6461709275204, 1078), (-1031.2346281956402, 1051.0)]],
[(13, 11), 1, [(-594.7578246882832, 673.0)]],
[(46, 8), 2, [(578.7729189204362, 781.0), (609.949833456676, 781.0)]],
[(16, 16), 1, [(-485.63862381144395, 484.0)]],
[(57, 17), 1, [(984.0728078915533, 457.0)]],
[(49, 13), 2, [(687.8921197972754, 592.0), (719.0690343335152, 592.0)]],
[(26, 29), 1, [(-127.1041066446864, 25.0)]],
[(5, 6), 2, [(-890.9385127825612, 862.0), (-875.3500555144414, 835.0)]],
[(58, 18), 2, [(1030.8381796959131, 430.0), (1015.2497224277931, 403.0)]],
[(50, 14), 1, [(734.6574916016351, 565.0)]],
[(42, 10), 1, [(438.4768035073571, 700.0)]],
[(8, 17), 1, [(-781.819311905722, 457.0)]],
[(0, 13), 2, [(-1078, 592.0), (-1046.8230854637602, 592.0)]],
[(30, 35), 1, [(17.588457268119896, -191.0)]],
[(31, 0), 2, [(64.35382907247958, 1078), (48.76537180435969, 1051.0)]],
[(53, 24), 3, [(843.7766924784744, 214.0), (828.1882352103544, 187.0), (859.3651497465942, 187.0)]],
[(56, 29), 1, [(952.8958933553135, 25.0)]],
[(35, 6), 2, [(189.06148721743875, 862.0), (204.64994448555865, 835.0)]],
[(1, 13), 1, [(-1015.6461709275204, 592.0)]],
[(46, 21), 3, [(594.361376188556, 322.0), (578.7729189204362, 295.0), (609.949833456676, 295.0)]],
[(38, 17), 1, [(298.180688094278, 457.0)]],
[(7, 29), 1, [(-812.9962264419618, 25.0)]],
[(19, 3), 3, [(-392.1078802027246, 970.0), (-360.9309656664848, 970.0), (-376.5194229346047, 943.0)]],
[(8, 30), 2, [(-766.2308546376021, -2), (-781.819311905722, -29.0)]],
[(0, 26), 1, [(-1062.4115427318802, 133.0)]],
[(41, 27), 2, [(407.2998889711173, 106.0), (422.8883462392372, 79.0)]],
[(20, 4), 1, [(-329.754051130245, 916.0)]],
[(11, 35), 1, [(-657.1116537607628, -191.0)]],
[(31, 13), 1, [(64.35382907247958, 592.0)]],
[(34, 24), 2, [(157.88457268119896, 214.0), (173.47302994931886, 187.0)]],
[(25, 55), 1, [(-173.86947844904608, -920.0)]],
[(37, 29), 1, [(267.00377355803823, 25.0)]],
[(3, 36), 3, [(-953.2923418550408, -218.0), (-968.8807991231607, -245.0), (-937.7038845869209, -245.0)]],
[(49, 3), 3, [(687.8921197972754, 970.0), (719.0690343335152, 970.0), (703.4805770653953, 943.0)]],
[(22, 49), 1, [(-267.40022205776546, -704.0)]],
[(14, 45), 2, [(-547.9924528839235, -542.0), (-563.5809101520434, -569.0)]],
[(38, 30), 2, [(313.7691453623979, -2), (298.180688094278, -29.0)]],
[(50, 4), 1, [(750.245948869755, 916.0)]],
[(7, 42), 2, [(-797.4077691738419, -434.0), (-812.9962264419618, -461.0)]],
[(33, 36), 3, [(126.70765814495917, -218.0), (111.11920087683927, -245.0), (142.29611541307906, -245.0)]],
[(34, 1), 1, [(157.88457268119896, 1024.0)]],
[(52, 49), 1, [(812.5997779422346, -704.0)]],
[(53, 14), 2, [(828.1882352103544, 565.0), (859.3651497465942, 565.0)]],
[(44, 45), 2, [(532.0075471160765, -542.0), (516.4190898479566, -569.0)]],
[(37, 42), 2, [(282.59223082615813, -434.0), (267.00377355803823, -461.0)]],
[(3, 49), 1, [(-953.2923418550408, -704.0)]],
[(55, 59), 1, [(921.7189788190738, -1055.0)]],
[(26, 32), 1, [(-127.1041066446864, -83.0)]],
[(29, 43), 1, [(-17.98490576784718, -488.0)]],
[(48, 56), 1, [(672.3036625291555, -947.0)]],
[(6, 59), 1, [(-844.1731409782016, -1055.0)]],
[(33, 49), 1, [(126.70765814495917, -704.0)]],
[(25, 45), 2, [(-173.86947844904608, -542.0), (-158.2810211809262, -569.0)]],
[(56, 32), 1, [(952.8958933553135, -83.0)]],
[(22, 39), 2, [(-267.40022205776546, -326.0), (-282.98867932588536, -353.0)]],
[(14, 35), 1, [(-563.5809101520434, -191.0)]],
[(55, 36), 2, [(906.130521550954, -218.0), (921.7189788190738, -245.0)]],
[(59, 43), 1, [(1062.015094232153, -488.0)]],
[(36, 59), 1, [(235.82685902179844, -1055.0)]],
[(28, 55), 1, [(-49.161820304086916, -920.0)]],
[(48, 33), 2, [(656.7152052610356, -110.0), (672.3036625291555, -137.0)]],
[(29, 56), 2, [(-33.57336303596702, -947.0), (-2.396448499727285, -947.0)]],
[(41, 30), 2, [(407.2998889711173, -2), (422.8883462392372, -29.0)]],
[(52, 39), 2, [(812.5997779422346, -326.0), (797.0113206741146, -353.0)]],
[(44, 35), 1, [(516.4190898479566, -191.0)]],
[(10, 42), 3, [(-703.8770255651225, -434.0), (-719.4654828332424, -461.0), (-688.2885682970026, -461.0)]],
[(51, 43), 1, [(781.4228634059948, -488.0)]],
[(2, 38), 1, [(-1000.0577136594005, -299.0)]],
[(55, 49), 1, [(906.130521550954, -704.0)]],
[(47, 45), 2, [(625.5382907247958, -542.0), (641.1267479929157, -569.0)]],
[(59, 56), 2, [(1046.426636964033, -947.0), (1077.6035515002727, -947.0)]],
[(17, 59), 1, [(-438.87325200708426, -1055.0)]],
[(29, 33), 3, [(-17.98490576784718, -110.0), (-33.57336303596702, -137.0), (-2.396448499727285, -137.0)]],
[(48, 46), 1, [(656.7152052610356, -596.0)]],
[(40, 42), 3, [(376.1229744348775, -434.0), (360.5345171667576, -461.0), (391.7114317029974, -461.0)]],
[(6, 49), 2, [(-859.7615982463215, -704.0), (-828.5846837100817, -704.0)]],
[(25, 35), 1, [(-158.2810211809262, -191.0)]],
[(32, 43), 1, [(95.53074360871938, -488.0)]],
[(51, 56), 1, [(765.8344061378749, -947.0)]],
[(43, 52), 2, [(469.6537180435969, -812.0), (500.8306325798367, -812.0)]],
[(59, 33), 3, [(1062.015094232153, -110.0), (1046.426636964033, -137.0), (1077.6035515002727, -137.0)]],
[(17, 36), 2, [(-454.46170927520416, -218.0), (-438.87325200708426, -245.0)]],
[(36, 49), 2, [(220.23840175367854, -704.0), (251.41531628991834, -704.0)]],
[(28, 45), 2, [(-49.161820304086916, -542.0), (-64.75027757220681, -569.0)]],
[(47, 58), 1, [(625.5382907247958, -1028.0)]],
[(21, 42), 2, [(-298.5771365940052, -434.0), (-314.1655938621251, -461.0)]],
[(39, 59), 1, [(329.3576026305178, -1055.0)]],
[(10, 32), 2, [(-719.4654828332424, -83.0), (-688.2885682970026, -83.0)]],
[(51, 33), 2, [(781.4228634059948, -110.0), (765.8344061378749, -137.0)]],
[(13, 43), 2, [(-610.3462819564031, -488.0), (-579.1693674201633, -488.0)]],
[(32, 56), 1, [(79.94228634059948, -947.0)]],
[(16, 48), 3, [(-485.63862381144395, -650.0), (-501.22708107956385, -677.0), (-470.05016654332405, -677.0)]],
[(55, 39), 2, [(906.130521550954, -326.0), (921.7189788190738, -353.0)]],
[(47, 35), 1, [(641.1267479929157, -191.0)]],
[(5, 38), 1, [(-875.3500555144414, -299.0)]],
[(58, 50), 1, [(1015.2497224277931, -731.0)]],
[(9, 45), 2, [(-735.0539401013623, -542.0), (-750.6423973694822, -569.0)]],
[(40, 32), 2, [(360.5345171667576, -83.0), (391.7114317029974, -83.0)]],
[(6, 39), 3, [(-859.7615982463215, -326.0), (-828.5846837100817, -326.0), (-844.1731409782016, -353.0)]],
[(39, 36), 2, [(344.9460598986377, -218.0), (329.3576026305178, -245.0)]],
[(20, 59), 1, [(-345.3425083983649, -1055.0)]],
[(32, 33), 2, [(95.53074360871938, -110.0), (79.94228634059948, -137.0)]],
[(51, 46), 1, [(781.4228634059948, -596.0)]],
[(43, 42), 3, [(469.6537180435969, -434.0), (500.8306325798367, -434.0), (485.2421753117168, -461.0)]],
[(35, 38), 1, [(204.64994448555865, -299.0)]],
[(1, 45), 2, [(-1015.6461709275204, -542.0), (-1031.2346281956402, -569.0)]],
[(13, 56), 1, [(-594.7578246882832, -947.0)]],
[(36, 39), 3, [(220.23840175367854, -326.0), (251.41531628991834, -326.0), (235.82685902179844, -353.0)]],
[(28, 35), 1, [(-64.75027757220681, -191.0)]],
[(5, 51), 2, [(-890.9385127825612, -758.0), (-875.3500555144414, -785.0)]],
[(50, 59), 1, [(734.6574916016351, -1055.0)]],
[(39, 49), 1, [(344.9460598986377, -704.0)]],
[(31, 45), 2, [(64.35382907247958, -542.0), (48.76537180435969, -569.0)]],
[(13, 33), 3, [(-610.3462819564031, -110.0), (-579.1693674201633, -110.0), (-594.7578246882832, -137.0)]],
[(32, 46), 1, [(95.53074360871938, -596.0)]],
[(24, 42), 2, [(-205.04639298528588, -434.0), (-189.45793571716598, -461.0)]],
[(16, 38), 2, [(-501.22708107956385, -299.0), (-470.05016654332405, -299.0)]],
[(35, 51), 2, [(189.06148721743875, -758.0), (204.64994448555865, -785.0)]],
[(1, 58), 1, [(-1015.6461709275204, -1028.0)]],
[(58, 40), 1, [(1030.8381796959131, -380.0)]],
[(9, 35), 1, [(-750.6423973694822, -191.0)]],
[(8, 39), 2, [(-766.2308546376021, -326.0), (-781.819311905722, -353.0)]],
[(54, 6), 2, [(874.9536070147142, 862.0), (890.542064282834, 835.0)]],
[(27, 52), 1, [(-80.33873484032671, -812.0)]],
[(19, 48), 3, [(-392.1078802027246, -650.0), (-360.9309656664848, -650.0), (-376.5194229346047, -677.0)]],
[(11, 44), 1, [(-657.1116537607628, -515.0)]],
[(30, 57), 3, [(2, -974.0), (33.17691453623979, -974.0), (17.588457268119896, -1001.0)]],
[(54, 42), 2, [(874.9536070147142, -434.0), (890.542064282834, -461.0)]],
[(12, 45), 2, [(-641.5231964926429, -542.0), (-625.934739224523, -569.0)]],
[(31, 58), 1, [(64.35382907247958, -1028.0)]],
[(4, 41), 1, [(-906.5269700506811, -407.0)]],
[(23, 54), 3, [(-236.22330752152567, -866.0), (-251.81176478964557, -893.0), (-220.63485025340577, -893.0)]],
[(43, 32), 1, [(485.2421753117168, -83.0)]],
[(55, 6), 2, [(906.130521550954, 862.0), (921.7189788190738, 835.0)]],
[(1, 35), 1, [(-1031.2346281956402, -191.0)]],
[(46, 43), 1, [(594.361376188556, -488.0)]],
[(38, 39), 2, [(313.7691453623979, -326.0), (298.180688094278, -353.0)]],
[(57, 52), 1, [(999.6612651596733, -812.0)]],
[(49, 48), 3, [(687.8921197972754, -650.0), (719.0690343335152, -650.0), (703.4805770653953, -677.0)]],
[(15, 55), 1, [(-516.8155383476837, -920.0)]],
[(7, 51), 2, [(-797.4077691738419, -758.0), (-812.9962264419618, -785.0)]],
[(30, 34), 2, [(2, -164.0), (33.17691453623979, -164.0)]],
[(42, 45), 2, [(438.4768035073571, -542.0), (454.065260775477, -569.0)]],
[(0, 48), 3, [(-1078, -650.0), (-1046.8230854637602, -650.0), (-1062.4115427318802, -677.0)]],
[(39, 39), 2, [(344.9460598986377, -326.0), (329.3576026305178, -353.0)]],
[(11, 57), 2, [(-672.7001110288827, -974.0), (-657.1116537607628, -1001.0)]],
[(31, 35), 1, [(48.76537180435969, -191.0)]],
[(23, 31), 1, [(-236.22330752152567, -56.0)]],
[(51, 13), 1, [(781.4228634059948, 592.0)]],
[(53, 59), 2, [(828.1882352103544, -1055.0), (859.3651497465942, -1055.0)]],
[(4, 54), 2, [(-922.115427318801, -866.0), (-906.5269700506811, -893.0)]],
[(45, 55), 1, [(563.1844616523163, -920.0)]],
[(37, 51), 2, [(282.59223082615813, -758.0), (267.00377355803823, -785.0)]],
[(3, 58), 1, [(-953.2923418550408, -1028.0)]],
[(26, 41), 1, [(-127.1041066446864, -407.0)]],
[(46, 56), 2, [(578.7729189204362, -947.0), (609.949833456676, -947.0)]],
[(58, 30), 2, [(1030.8381796959131, -2), (1015.2497224277931, -29.0)]],
[(27, 42), 2, [(-80.33873484032671, -434.0), (-95.9271921084466, -461.0)]],
[(11, 34), 1, [(-672.7001110288827, -164.0)]],
[(33, 58), 1, [(126.70765814495917, -1028.0)]],
[(12, 35), 1, [(-625.934739224523, -191.0)]],
[(53, 36), 3, [(843.7766924784744, -218.0), (828.1882352103544, -245.0), (859.3651497465942, -245.0)]],
[(4, 31), 1, [(-922.115427318801, -56.0)]],
[(32, 13), 1, [(95.53074360871938, 592.0)]],
[(23, 44), 2, [(-251.81176478964557, -515.0), (-220.63485025340577, -515.0)]],
[(56, 41), 1, [(952.8958933553135, -407.0)]],
[(22, 48), 2, [(-267.40022205776546, -650.0), (-282.98867932588536, -677.0)]],
[(34, 59), 1, [(173.47302994931886, -1055.0)]],
[(46, 33), 3, [(594.361376188556, -110.0), (578.7729189204362, -137.0), (609.949833456676, -137.0)]],
[(57, 42), 2, [(999.6612651596733, -434.0), (984.0728078915533, -461.0)]],
[(15, 45), 2, [(-516.8155383476837, -542.0), (-532.4039956158036, -569.0)]],
[(7, 41), 1, [(-812.9962264419618, -407.0)]],
[(26, 54), 3, [(-142.6925639128063, -866.0), (-111.5156493765665, -866.0), (-127.1041066446864, -893.0)]],
[(42, 35), 1, [(454.065260775477, -191.0)]],
[(8, 42), 2, [(-766.2308546376021, -434.0), (-781.819311905722, -461.0)]],
[(0, 38), 1, [(-1062.4115427318802, -299.0)]],
[(19, 51), 3, [(-392.1078802027246, -758.0), (-360.9309656664848, -758.0), (-376.5194229346047, -785.0)]],
[(52, 48), 2, [(812.5997779422346, -650.0), (797.0113206741146, -677.0)]],
[(51, 3), 2, [(781.4228634059948, 970.0), (765.8344061378749, 943.0)]],
[(34, 36), 2, [(157.88457268119896, -218.0), (173.47302994931886, -245.0)]],
[(53, 49), 1, [(843.7766924784744, -704.0)]],
[(45, 45), 2, [(563.1844616523163, -542.0), (547.5960043841964, -569.0)]],
[(37, 41), 1, [(267.00377355803823, -407.0)]],
[(56, 54), 3, [(937.3074360871938, -866.0), (968.4843506234336, -866.0), (952.8958933553135, -893.0)]],
[(3, 48), 3, [(-953.2923418550408, -650.0), (-968.8807991231607, -677.0), (-937.7038845869209, -677.0)]],
[(26, 31), 2, [(-142.6925639128063, -56.0), (-111.5156493765665, -56.0)]],
[(38, 42), 2, [(313.7691453623979, -434.0), (298.180688094278, -461.0)]],
[(58, 20), 1, [(1015.2497224277931, 349.0)]],
[(39, 6), 2, [(344.9460598986377, 862.0), (329.3576026305178, 835.0)]],
[(33, 48), 3, [(126.70765814495917, -650.0), (111.11920087683927, -677.0), (142.29611541307906, -677.0)]],
[(25, 44), 1, [(-158.2810211809262, -515.0)]],
[(56, 31), 2, [(937.3074360871938, -56.0), (968.4843506234336, -56.0)]],
[(22, 38), 1, [(-282.98867932588536, -299.0)]],
[(14, 34), 1, [(-547.9924528839235, -164.0)]],
[(30, 14), 1, [(17.588457268119896, 565.0)]],
[(29, 55), 1, [(-17.98490576784718, -920.0)]],
[(21, 51), 2, [(-298.5771365940052, -758.0), (-314.1655938621251, -785.0)]],
[(52, 38), 1, [(797.0113206741146, -299.0)]],
[(44, 34), 1, [(532.0075471160765, -164.0)]],
[(10, 41), 2, [(-719.4654828332424, -407.0), (-688.2885682970026, -407.0)]],
]