[[(4, 0), 2, [(-23.115427318801043, 176), (-7.526970050681147, 149.0)]],
[(4, 9), 2, [(-23.115427318801043, -148.0), (-7.526970050681147, -175.0)]],
[(5, 1), 1, [(8.061487217438746, 122.0)]],
[(8, 0), 2, [(132.7691453623979, 176), (117.18068809427801, 149.0)]],
[(8, 9), 2, [(132.7691453623979, -148.0), (117.18068809427801, -175.0)]],
[(9, 8), 2, [(148.3576026305178, -121.0), (179.53451716675758, -121.0)]],
[(0, 5), 1, [(-163.4115427318801, -13.0)]],
[(2, 2), 1, [(-101.05771365940052, 95.0)]],
[(6, 2), 1, [(54.82685902179843, 95.0)]],
[(4, 2), 1, [(-7.526970050681147, 95.0)]],
[(3, 6), 3, [(-54.29234185504083, -40.0), (-69.88079912316073, -67.0), (-38.703884586920935, -67.0)]],
[(5, 3), 2, [(8.061487217438746, 68.0), (23.649944485558642, 41.0)]],
[(8, 2), 1, [(117.18068809427801, 95.0)]],
[(9, 1), 1, [(163.94605989863769, 122.0)]],
[(0, 7), 2, [(-179, -94.0), (-147.8230854637602, -94.0)]],
[(2, 4), 1, [(-85.46925639128062, 14.0)]],
[(1, 8), 1, [(-132.2346281956403, -121.0)]],
[(6, 4), 2, [(39.23840175367853, 14.0), (70.41531628991832, 14.0)]],
[(7, 3), 2, [(101.59223082615812, 68.0), (86.00377355803822, 41.0)]],
[(3, 8), 2, [(-69.88079912316073, -121.0), (-38.703884586920935, -121.0)]],
[(5, 5), 1, [(23.649944485558642, -13.0)]],
[(8, 4), 1, [(132.7691453623979, 14.0)]],
[(9, 3), 3, [(163.94605989863769, 68.0), (148.3576026305178, 41.0), (179.53451716675758, 41.0)]],
[(0, 0), 3, [(-179, 176), (-147.8230854637602, 176), (-163.4115427318801, 149.0)]],
[(0, 9), 3, [(-179, -148.0), (-147.8230854637602, -148.0), (-163.4115427318801, -175.0)]],
[(6, 6), 3, [(39.23840175367853, -40.0), (70.41531628991832, -40.0), (54.82685902179843, -67.0)]],
[(7, 5), 1, [(86.00377355803822, -13.0)]],
[(3, 1), 1, [(-54.29234185504083, 122.0)]],
[(5, 7), 1, [(8.061487217438746, -94.0)]],
[(9, 5), 2, [(148.3576026305178, -13.0), (179.53451716675758, -13.0)]],
[(0, 2), 1, [(-163.4115427318801, 95.0)]],
[(1, 3), 2, [(-116.64617092752042, 68.0), (-132.2346281956403, 41.0)]],
[(7, 7), 1, [(101.59223082615812, -94.0)]],
[(3, 3), 3, [(-54.29234185504083, 68.0), (-69.88079912316073, 41.0), (-38.703884586920935, 41.0)]],
[(5, 0), 2, [(8.061487217438746, 176), (23.649944485558642, 149.0)]],
[(5, 9), 2, [(8.061487217438746, -148.0), (23.649944485558642, -175.0)]],
[(9, 7), 1, [(163.94605989863769, -94.0)]],
[(1, 5), 1, [(-132.2346281956403, -13.0)]],
[(6, 1), 2, [(39.23840175367853, 122.0), (70.41531628991832, 122.0)]],
[(7, 0), 2, [(101.59223082615812, 176), (86.00377355803822, 149.0)]],
[(7, 9), 2, [(101.59223082615812, -148.0), (86.00377355803822, -175.0)]]
]