[[(15, 21), 2, [(131.18446165231623, -326.0), (115.59600438419635, -353.0)]],
[(7, 17), 1, [(-164.99622644196177, -191.0)]],
[(18, 17), 1, [(240.3036625291555, -191.0)]],
[(8, 0), 2, [(-118.23085463760208, 430), (-133.81931190572197, 403.0)]],
[(19, 0), 3, [(255.8921197972754, 430), (287.06903433351516, 430), (271.48057706539527, 403.0)]],
[(8, 9), 2, [(-118.23085463760208, 106.0), (-133.81931190572197, 79.0)]],
[(19, 9), 3, [(255.8921197972754, 106.0), (287.06903433351516, 106.0), (271.48057706539527, 79.0)]],
[(0, 5), 1, [(-414.4115427318801, 241.0)]],
[(11, 5), 1, [(-9.11165376076281, 241.0)]],
[(8, 18), 2, [(-118.23085463760208, -218.0), (-133.81931190572197, -245.0)]],
[(19, 18), 3, [(255.8921197972754, -218.0), (287.06903433351516, -218.0), (271.48057706539527, -245.0)]],
[(0, 14), 1, [(-414.4115427318801, -83.0)]],
[(11, 14), 1, [(-9.11165376076281, -83.0)]],
[(0, 23), 1, [(-414.4115427318801, -407.0)]],
[(11, 23), 1, [(-9.11165376076281, -407.0)]],
[(4, 2), 1, [(-258.52697005068114, 349.0)]],
[(22, 10), 1, [(380.59977794223454, 52.0)]],
[(3, 6), 3, [(-305.29234185504083, 214.0), (-320.8807991231607, 187.0), (-289.70388458692094, 187.0)]],
[(22, 19), 1, [(380.59977794223454, -272.0)]],
[(3, 15), 3, [(-305.29234185504083, -110.0), (-320.8807991231607, -137.0), (-289.70388458692094, -137.0)]],
[(14, 15), 2, [(100.00754711607645, -110.0), (84.41908984795656, -137.0)]],
[(15, 7), 1, [(131.18446165231623, 160.0)]],
[(7, 3), 2, [(-149.40776917384187, 322.0), (-164.99622644196177, 295.0)]],
[(18, 3), 2, [(224.7152052610356, 322.0), (240.3036625291555, 295.0)]],
[(15, 16), 1, [(131.18446165231623, -164.0)]],
[(7, 12), 2, [(-149.40776917384187, -2.0), (-164.99622644196177, -29.0)]],
[(18, 12), 2, [(224.7152052610356, -2.0), (240.3036625291555, -29.0)]],
[(7, 21), 2, [(-149.40776917384187, -326.0), (-164.99622644196177, -353.0)]],
[(18, 21), 2, [(224.7152052610356, -326.0), (240.3036625291555, -353.0)]],
[(8, 4), 1, [(-118.23085463760208, 268.0)]],
[(19, 4), 2, [(255.8921197972754, 268.0), (287.06903433351516, 268.0)]],
[(0, 0), 3, [(-430, 430), (-398.8230854637602, 430), (-414.4115427318801, 403.0)]],
[(11, 0), 2, [(-24.700111028882706, 430), (-9.11165376076281, 403.0)]],
[(0, 9), 3, [(-430, 106.0), (-398.8230854637602, 106.0), (-414.4115427318801, 79.0)]],
[(11, 9), 2, [(-24.700111028882706, 106.0), (-9.11165376076281, 79.0)]],
[(10, 22), 1, [(-55.877025565122494, -380.0)]],
[(22, 5), 1, [(365.01132067411464, 241.0)]],
[(3, 1), 1, [(-305.29234185504083, 376.0)]],
[(14, 1), 1, [(100.00754711607645, 376.0)]],
[(22, 14), 1, [(365.01132067411464, -83.0)]],
[(3, 10), 1, [(-305.29234185504083, 52.0)]],
[(14, 10), 1, [(100.00754711607645, 52.0)]],
[(22, 23), 1, [(365.01132067411464, -407.0)]],
[(3, 19), 1, [(-305.29234185504083, -272.0)]],
[(14, 19), 1, [(100.00754711607645, -272.0)]],
[(15, 2), 1, [(115.59600438419635, 349.0)]],
[(15, 11), 1, [(115.59600438419635, 25.0)]],
[(7, 7), 1, [(-149.40776917384187, 160.0)]],
[(18, 7), 1, [(224.7152052610356, 160.0)]],
[(7, 16), 1, [(-149.40776917384187, -164.0)]],
[(18, 16), 1, [(224.7152052610356, -164.0)]],
[(21, 18), 2, [(349.42286340599475, -218.0), (333.83440613787485, -245.0)]],
[(11, 4), 1, [(-24.700111028882706, 268.0)]],
[(10, 8), 2, [(-71.46548283324239, 133.0), (-40.2885682970026, 133.0)]],
[(10, 17), 2, [(-71.46548283324239, -191.0), (-40.2885682970026, -191.0)]],
[(2, 13), 1, [(-336.4692563912806, -56.0)]],
[(2, 22), 1, [(-336.4692563912806, -380.0)]],
[(22, 0), 2, [(380.59977794223454, 430), (365.01132067411464, 403.0)]],
[(22, 9), 2, [(380.59977794223454, 106.0), (365.01132067411464, 79.0)]],
[(3, 5), 2, [(-320.8807991231607, 241.0), (-289.70388458692094, 241.0)]],
[(14, 5), 1, [(84.41908984795656, 241.0)]],
[(22, 18), 2, [(380.59977794223454, -218.0), (365.01132067411464, -245.0)]],
[(3, 14), 2, [(-320.8807991231607, -83.0), (-289.70388458692094, -83.0)]],
[(14, 14), 1, [(84.41908984795656, -83.0)]],
[(3, 23), 2, [(-320.8807991231607, -407.0), (-289.70388458692094, -407.0)]],
[(14, 23), 1, [(84.41908984795656, -407.0)]],
[(15, 6), 2, [(131.18446165231623, 214.0), (115.59600438419635, 187.0)]],
[(7, 2), 1, [(-164.99622644196177, 349.0)]],
[(18, 2), 1, [(240.3036625291555, 349.0)]],
[(7, 11), 1, [(-164.99622644196177, 25.0)]],
[(18, 11), 1, [(240.3036625291555, 25.0)]],
[(6, 15), 3, [(-211.76159824632146, -110.0), (-180.58468371008166, -110.0), (-196.17314097820156, -137.0)]],
[(21, 13), 1, [(349.42286340599475, -56.0)]],
[(21, 22), 1, [(349.42286340599475, -380.0)]],
[(10, 3), 3, [(-55.877025565122494, 322.0), (-71.46548283324239, 295.0), (-40.2885682970026, 295.0)]],
[(10, 12), 3, [(-55.877025565122494, -2.0), (-71.46548283324239, -29.0), (-40.2885682970026, -29.0)]],
[(2, 8), 1, [(-352.0577136594005, 133.0)]],
[(10, 21), 3, [(-55.877025565122494, -326.0), (-71.46548283324239, -353.0), (-40.2885682970026, -353.0)]],
[(2, 17), 1, [(-352.0577136594005, -191.0)]],
[(22, 4), 1, [(380.59977794223454, 268.0)]],
[(3, 0), 3, [(-305.29234185504083, 430), (-320.8807991231607, 403.0), (-289.70388458692094, 403.0)]],
[(14, 0), 2, [(100.00754711607645, 430), (84.41908984795656, 403.0)]],
[(22, 13), 1, [(380.59977794223454, -56.0)]],
[(3, 9), 3, [(-305.29234185504083, 106.0), (-320.8807991231607, 79.0), (-289.70388458692094, 79.0)]],
[(14, 9), 2, [(100.00754711607645, 106.0), (84.41908984795656, 79.0)]],
[(3, 18), 3, [(-305.29234185504083, -218.0), (-320.8807991231607, -245.0), (-289.70388458692094, -245.0)]],
[(14, 18), 2, [(100.00754711607645, -218.0), (84.41908984795656, -245.0)]],
[(17, 20), 1, [(209.1267479929157, -299.0)]],
[(6, 10), 2, [(-211.76159824632146, 52.0), (-180.58468371008166, 52.0)]],
[(21, 8), 1, [(333.83440613787485, 133.0)]],
[(6, 19), 2, [(-211.76159824632146, -272.0), (-180.58468371008166, -272.0)]],
[(21, 17), 1, [(333.83440613787485, -191.0)]],
[(10, 7), 1, [(-55.877025565122494, 160.0)]],
[(2, 3), 2, [(-336.4692563912806, 322.0), (-352.0577136594005, 295.0)]],
[(10, 16), 1, [(-55.877025565122494, -164.0)]],
[(2, 12), 2, [(-336.4692563912806, -2.0), (-352.0577136594005, -29.0)]],
[(2, 21), 2, [(-336.4692563912806, -326.0), (-352.0577136594005, -353.0)]],
[(22, 8), 1, [(365.01132067411464, 133.0)]],
[(3, 4), 1, [(-305.29234185504083, 268.0)]],
[(14, 4), 1, [(100.00754711607645, 268.0)]],
[(17, 6), 2, [(193.53829072479581, 214.0), (209.1267479929157, 187.0)]],
[(17, 15), 2, [(193.53829072479581, -110.0), (209.1267479929157, -137.0)]],
[(9, 11), 1, [(-102.64239736948218, 25.0)]],
[(5, 22), 1, [(-242.93851278256125, -380.0)]],
[(9, 20), 1, [(-102.64239736948218, -299.0)]],
[(6, 5), 1, [(-196.17314097820156, 241.0)]],
[(21, 3), 2, [(349.42286340599475, 322.0), (333.83440613787485, 295.0)]],
[(6, 14), 1, [(-196.17314097820156, -83.0)]],
[(21, 12), 2, [(349.42286340599475, -2.0), (333.83440613787485, -29.0)]],
[(6, 23), 1, [(-196.17314097820156, -407.0)]],
[(21, 21), 2, [(349.42286340599475, -326.0), (333.83440613787485, -353.0)]],
[(10, 2), 2, [(-71.46548283324239, 349.0), (-40.2885682970026, 349.0)]],
[(10, 11), 2, [(-71.46548283324239, 25.0), (-40.2885682970026, 25.0)]],
[(2, 7), 1, [(-336.4692563912806, 160.0)]],
[(2, 16), 1, [(-336.4692563912806, -164.0)]],
[(13, 13), 2, [(37.65371804359687, -56.0), (68.83063257983666, -56.0)]],
[(13, 22), 2, [(37.65371804359687, -380.0), (68.83063257983666, -380.0)]],
[(16, 18), 3, [(162.36137618855602, -218.0), (146.77291892043613, -245.0), (177.94983345667592, -245.0)]],
[(17, 1), 1, [(193.53829072479581, 376.0)]],
[(5, 8), 1, [(-227.35005551444135, 133.0)]],
[(17, 10), 1, [(193.53829072479581, 52.0)]],
[(9, 6), 2, [(-87.05394010136229, 214.0), (-102.64239736948218, 187.0)]],
[(5, 17), 1, [(-227.35005551444135, -191.0)]],
[(17, 19), 1, [(193.53829072479581, -272.0)]],
[(9, 15), 2, [(-87.05394010136229, -110.0), (-102.64239736948218, -137.0)]],
[(6, 0), 3, [(-211.76159824632146, 430), (-180.58468371008166, 430), (-196.17314097820156, 403.0)]],
[(6, 9), 3, [(-211.76159824632146, 106.0), (-180.58468371008166, 106.0), (-196.17314097820156, 79.0)]],
[(21, 7), 1, [(349.42286340599475, 160.0)]],
[(6, 18), 3, [(-211.76159824632146, -218.0), (-180.58468371008166, -218.0), (-196.17314097820156, -245.0)]],
[(21, 16), 1, [(349.42286340599475, -164.0)]],
[(20, 20), 1, [(302.65749160163506, -299.0)]],
[(10, 6), 3, [(-55.877025565122494, 214.0), (-71.46548283324239, 187.0), (-40.2885682970026, 187.0)]],
[(2, 2), 1, [(-352.0577136594005, 349.0)]],
[(2, 11), 1, [(-352.0577136594005, 25.0)]],
[(13, 8), 1, [(53.242175311716764, 133.0)]],
[(1, 15), 2, [(-367.6461709275204, -110.0), (-383.2346281956403, -137.0)]],
[(13, 17), 1, [(53.242175311716764, -191.0)]],
[(16, 13), 1, [(162.36137618855602, -56.0)]],
[(16, 22), 1, [(162.36137618855602, -380.0)]],
[(5, 3), 2, [(-242.93851278256125, 322.0), (-227.35005551444135, 295.0)]],
[(17, 5), 1, [(209.1267479929157, 241.0)]],
[(9, 1), 1, [(-87.05394010136229, 376.0)]],
[(5, 12), 2, [(-242.93851278256125, -2.0), (-227.35005551444135, -29.0)]],
[(17, 14), 1, [(209.1267479929157, -83.0)]],
[(5, 21), 2, [(-242.93851278256125, -326.0), (-227.35005551444135, -353.0)]],
[(17, 23), 1, [(209.1267479929157, -407.0)]],
[(6, 4), 2, [(-211.76159824632146, 268.0), (-180.58468371008166, 268.0)]],
[(21, 2), 1, [(333.83440613787485, 349.0)]],
[(6, 13), 2, [(-211.76159824632146, -56.0), (-180.58468371008166, -56.0)]],
[(20, 15), 2, [(318.24594886975495, -110.0), (302.65749160163506, -137.0)]],
[(12, 20), 1, [(22.06526077547698, -299.0)]],
[(23, 20), 2, [(396.18823521035443, -299.0), (427.3651497465942, -299.0)]],
[(13, 3), 3, [(37.65371804359687, 322.0), (68.83063257983666, 322.0), (53.242175311716764, 295.0)]],
[(1, 10), 1, [(-367.6461709275204, 52.0)]],
[(13, 12), 3, [(37.65371804359687, -2.0), (68.83063257983666, -2.0), (53.242175311716764, -29.0)]],
[(16, 8), 2, [(146.77291892043613, 133.0), (177.94983345667592, 133.0)]],
[(1, 19), 1, [(-367.6461709275204, -272.0)]],
[(13, 21), 3, [(37.65371804359687, -326.0), (68.83063257983666, -326.0), (53.242175311716764, -353.0)]],
[(16, 17), 2, [(146.77291892043613, -191.0), (177.94983345667592, -191.0)]],
[(17, 0), 2, [(193.53829072479581, 430), (209.1267479929157, 403.0)]],
[(5, 7), 1, [(-242.93851278256125, 160.0)]],
[(17, 9), 2, [(193.53829072479581, 106.0), (209.1267479929157, 79.0)]],
[(9, 5), 1, [(-102.64239736948218, 241.0)]],
[(5, 16), 1, [(-242.93851278256125, -164.0)]],
[(9, 14), 1, [(-102.64239736948218, -83.0)]],
[(20, 1), 1, [(318.24594886975495, 376.0)]],
[(12, 6), 2, [(6.476803507357083, 214.0), (22.06526077547698, 187.0)]],
[(23, 6), 3, [(411.77669247847433, 214.0), (396.18823521035443, 187.0), (427.3651497465942, 187.0)]],
[(20, 19), 1, [(318.24594886975495, -272.0)]],
[(12, 15), 2, [(6.476803507357083, -110.0), (22.06526077547698, -137.0)]],
[(23, 15), 3, [(411.77669247847433, -110.0), (396.18823521035443, -137.0), (427.3651497465942, -137.0)]],
[(4, 11), 1, [(-258.52697005068114, 25.0)]],
[(4, 20), 1, [(-258.52697005068114, -299.0)]],
[(1, 5), 1, [(-383.2346281956403, 241.0)]],
[(13, 7), 2, [(37.65371804359687, 160.0), (68.83063257983666, 160.0)]],
[(16, 3), 3, [(162.36137618855602, 322.0), (146.77291892043613, 295.0), (177.94983345667592, 295.0)]],
[(1, 14), 1, [(-383.2346281956403, -83.0)]],
[(13, 16), 2, [(37.65371804359687, -164.0), (68.83063257983666, -164.0)]],
[(16, 12), 3, [(162.36137618855602, -2.0), (146.77291892043613, -29.0), (177.94983345667592, -29.0)]],
[(1, 23), 1, [(-383.2346281956403, -407.0)]],
[(16, 21), 3, [(162.36137618855602, -326.0), (146.77291892043613, -353.0), (177.94983345667592, -353.0)]],
[(17, 4), 1, [(193.53829072479581, 268.0)]],
[(9, 0), 2, [(-87.05394010136229, 430), (-102.64239736948218, 403.0)]],
[(5, 11), 1, [(-227.35005551444135, 25.0)]],
[(9, 9), 2, [(-87.05394010136229, 106.0), (-102.64239736948218, 79.0)]],
[(19, 13), 2, [(255.8921197972754, -56.0), (287.06903433351516, -56.0)]],
[(8, 22), 1, [(-118.23085463760208, -380.0)]],
[(19, 22), 2, [(255.8921197972754, -380.0), (287.06903433351516, -380.0)]],
[(0, 18), 3, [(-430, -218.0), (-398.8230854637602, -218.0), (-414.4115427318801, -245.0)]],
[(11, 18), 2, [(-24.700111028882706, -218.0), (-9.11165376076281, -245.0)]],
[(20, 5), 1, [(302.65749160163506, 241.0)]],
[(12, 1), 1, [(6.476803507357083, 376.0)]],
[(23, 1), 1, [(411.77669247847433, 376.0)]],
[(20, 14), 1, [(302.65749160163506, -83.0)]],
[(12, 10), 1, [(6.476803507357083, 52.0)]],
[(23, 10), 1, [(411.77669247847433, 52.0)]],
[(20, 23), 1, [(302.65749160163506, -407.0)]],
[(4, 6), 2, [(-274.11542731880104, 214.0), (-258.52697005068114, 187.0)]],
[(23, 19), 1, [(411.77669247847433, -272.0)]],
[(4, 15), 2, [(-274.11542731880104, -110.0), (-258.52697005068114, -137.0)]],
[(1, 0), 2, [(-367.6461709275204, 430), (-383.2346281956403, 403.0)]],
[(13, 2), 1, [(53.242175311716764, 349.0)]],
[(1, 9), 2, [(-367.6461709275204, 106.0), (-383.2346281956403, 79.0)]],
[(1, 18), 2, [(-367.6461709275204, -218.0), (-383.2346281956403, -245.0)]],
[(16, 16), 1, [(162.36137618855602, -164.0)]],
[(15, 20), 1, [(115.59600438419635, -299.0)]],
[(5, 6), 2, [(-242.93851278256125, 214.0), (-227.35005551444135, 187.0)]],
[(8, 8), 1, [(-133.81931190572197, 133.0)]],
[(0, 4), 2, [(-430, 268.0), (-398.8230854637602, 268.0)]],
[(19, 17), 1, [(271.48057706539527, -191.0)]],
[(0, 13), 2, [(-430, -56.0), (-398.8230854637602, -56.0)]],
[(0, 22), 2, [(-430, -380.0), (-398.8230854637602, -380.0)]],
[(11, 22), 1, [(-24.700111028882706, -380.0)]],
[(20, 0), 2, [(318.24594886975495, 430), (302.65749160163506, 403.0)]],
[(20, 9), 2, [(318.24594886975495, 106.0), (302.65749160163506, 79.0)]],
[(12, 5), 1, [(22.06526077547698, 241.0)]],
[(23, 5), 2, [(396.18823521035443, 241.0), (427.3651497465942, 241.0)]],
[(20, 18), 2, [(318.24594886975495, -218.0), (302.65749160163506, -245.0)]],
[(23, 14), 2, [(396.18823521035443, -83.0), (427.3651497465942, -83.0)]],
[(12, 23), 1, [(22.06526077547698, -407.0)]],
[(23, 23), 2, [(396.18823521035443, -407.0), (427.3651497465942, -407.0)]],
[(4, 19), 1, [(-274.11542731880104, -272.0)]],
[(16, 2), 2, [(146.77291892043613, 349.0), (177.94983345667592, 349.0)]],
[(15, 15), 2, [(131.18446165231623, -110.0), (115.59600438419635, -137.0)]],
[(7, 20), 1, [(-164.99622644196177, -299.0)]],
[(8, 3), 2, [(-118.23085463760208, 322.0), (-133.81931190572197, 295.0)]],
[(19, 3), 3, [(255.8921197972754, 322.0), (287.06903433351516, 322.0), (271.48057706539527, 295.0)]],
[(8, 12), 2, [(-118.23085463760208, -2.0), (-133.81931190572197, -29.0)]],
[(19, 12), 3, [(255.8921197972754, -2.0), (287.06903433351516, -2.0), (271.48057706539527, -29.0)]],
[(8, 21), 2, [(-118.23085463760208, -326.0), (-133.81931190572197, -353.0)]],
[(19, 21), 3, [(255.8921197972754, -326.0), (287.06903433351516, -326.0), (271.48057706539527, -353.0)]],
[(0, 17), 1, [(-414.4115427318801, -191.0)]],
[(20, 4), 1, [(318.24594886975495, 268.0)]],
[(12, 0), 2, [(6.476803507357083, 430), (22.06526077547698, 403.0)]],
[(23, 0), 3, [(411.77669247847433, 430), (396.18823521035443, 403.0), (427.3651497465942, 403.0)]],
[(20, 13), 1, [(318.24594886975495, -56.0)]],
[(12, 9), 2, [(6.476803507357083, 106.0), (22.06526077547698, 79.0)]],
[(23, 9), 3, [(411.77669247847433, 106.0), (396.18823521035443, 79.0), (427.3651497465942, 79.0)]],
]